#spin_magnitude		 ppd_mean		 ppd_lower		 ppd_upper
0.000000000000000000		0.000000000000000000		0.000000000000000000		0.000000000000000000
0.001001001001001001		0.763301074769198173		0.005234986095116456		2.349516711426719695
0.002002002002002002		0.872996081732217877		0.012746126383532326		2.441190052386903453
0.003003003003003003		0.949772712839985433		0.021804724477447447		2.497403008060011587
0.004004004004004004		1.011024921108938823		0.031723656056740358		2.535489873247763537
0.005005005005005005		1.062896591903721877		0.042617061784233030		2.565857860092548126
0.006006006006006006		1.108359677421502099		0.054455124595067850		2.589874382916927065
0.007007007007007007		1.149105549180101216		0.066275481500675762		2.609446631159022534
0.008008008008008008		1.186199760434751838		0.078191082160363273		2.618456699508207031
0.009009009009009009		1.220362365225030610		0.090399860809228835		2.631941068538812267
0.010010010010010010		1.252105654587173822		0.102928648478166213		2.643655139286280598
0.011011011011011011		1.281808785040934540		0.116302677514821581		2.647937852966425254
0.012012012012012012		1.309761294786398134		0.129695912856229140		2.657477137163746672
0.013013013013013013		1.336189976313443939		0.144343750558506706		2.669225079175718385
0.014014014014014014		1.361276254757114890		0.159055208766529288		2.680597210546626474
0.015015015015015015		1.385167861323335803		0.173366009067885768		2.688660102964135046
0.016016016016016016		1.407986928121680803		0.187304545967574176		2.692814246019918922
0.017017017017017015		1.429835755481443593		0.202356858925728050		2.697799762043884719
0.018018018018018018		1.450801017929068237		0.216890655177881642		2.703586792692853180
0.019019019019019021		1.470956894429348294		0.232172051410021091		2.707467170996860517
0.020020020020020020		1.490367439962169360		0.247368195346136188		2.715127703719561136
0.021021021021021019		1.509088410933120850		0.261892436100831683		2.721178943098759628
0.022022022022022022		1.527168690149270702		0.277671942563801399		2.727917384760133679
0.023023023023023025		1.544651413372835957		0.293580016422968715		2.725818834025200310
0.024024024024024024		1.561574870185185482		0.309606221681036187		2.730047904769037803
0.025025025025025023		1.577973231884096439		0.325712710364314928		2.737216751909481882
0.026026026026026026		1.593877145209295909		0.340154940234356273		2.739206084701612198
0.027027027027027029		1.609314220835633469		0.355372418500167930		2.743830922678400341
0.028028028028028028		1.624309438493129365		0.371926402752887020		2.746253708792397941
0.029029029029029027		1.638885485414397492		0.389508813538289311		2.747767761773537210
0.030030030030030030		1.653063041005438549		0.404922938119626041		2.749801359599647554
0.031031031031031032		1.666861017794773581		0.421833646070956358		2.753135836508319390
0.032032032032032032		1.680296766572388911		0.437185298088808350		2.751904655383752729
0.033033033033033031		1.693386251995923519		0.451802740713348083		2.757135793738477947
0.034034034034034030		1.706144203684347938		0.466425527860528211		2.764980049021730224
0.035035035035035036		1.718584246843167351		0.481496762903101727		2.765354137353585706
0.036036036036036036		1.730719015701618568		0.498438369691970140		2.764673968236194490
0.037037037037037035		1.742560252440098267		0.516569897875962303		2.766497231889714303
0.038038038038038041		1.754118893807007140		0.533584081987351078		2.769349078430073163
0.039039039039039040		1.765405147242532724		0.547535937353541224		2.765948927472804186
0.040040040040040040		1.776428558017870474		0.565216368259178092		2.768403534844255276
0.041041041041041039		1.787198068649817007		0.582937074048895831		2.769319830566995488
0.042042042042042038		1.797722071647157582		0.599180826365643182		2.769012501452805974
0.043043043043043044		1.808008456479020865		0.616283854976947487		2.770544684383918099
0.044044044044044044		1.818064651518901620		0.630624613543797397		2.771594738397365809
0.045045045045045043		1.827897661604041879		0.646276764445834928		2.772907518796979165
0.046046046046046049		1.837514101757049767		0.662039449095572996		2.773946819758117410
0.047047047047047048		1.846920227536768211		0.679215869170396891		2.775341879416874047
0.048048048048048048		1.856121962420870020		0.694563224044921768		2.773876674799291564
0.049049049049049047		1.865124922566385512		0.709355467979331578		2.776118056368639397
0.050050050050050046		1.873934439248384320		0.724672395859164764		2.776182952611105481
0.051051051051051052		1.882555579236691035		0.740361506862121987		2.778805157040202811
0.052052052052052052		1.890993163337285621		0.755845801401766604		2.779460109352740904
0.053053053053053051		1.899251783296259211		0.771230447920666307		2.779435987975801492
0.054054054054054057		1.907335817239047104		0.786402077048366066		2.778918451717661942
0.055055055055055056		1.915249443797275353		0.801386063530770132		2.779943229336053978
0.056056056056056056		1.922996655056427251		0.816389724126209804		2.781933426168780699
0.057057057057057055		1.930581268442613574		0.831341334499764439		2.780845571893696633
0.058058058058058054		1.938006937652390516		0.846008570217926970		2.780071756319502096
0.059059059059059060		1.945277162718154429		0.862799065160727574		2.779359742733331640
0.060060060060060060		1.952395299291013631		0.878839794591876333		2.778738781247243939
0.061061061061061059		1.959364567214243236		0.893973732899718820		2.778061525488470629
0.062062062062062065		1.966188058452273291		0.906779494990509249		2.776711184131910759
0.063063063063063057		1.972868744433515564		0.921319198358474978		2.776692433821938533
0.064064064064064064		1.979409482859037173		0.935796894392257217		2.774087462752537814
0.065065065065065070		1.985813024023636464		0.952078509680838514		2.773249175054256277
0.066066066066066062		1.992082016691531399		0.968027153651851657		2.770368335446614427
0.067067067067067068		1.998219013564139779		0.985272655904907535		2.768350663685279489
0.068068068068068061		2.004226476374349364		1.001404886493900914		2.762935520367174824
0.069069069069069067		2.010106780637404889		1.012941793767233145		2.760926783945223839
0.070070070070070073		2.015862220086989343		1.027925325285422575		2.759529106569648782
0.071071071071071065		2.021495010820897331		1.042055676651892249		2.757060713595693269
0.072072072072072071		2.027007295179869661		1.056512478590436954		2.755041395000874527
0.073073073073073078		2.032401145379490792		1.070901230509775148		2.755297152756837953
0.074074074074074070		2.037678566914990164		1.084391089409458164		2.755915556277248157
0.075075075075075076		2.042841501755234823		1.095700543712607944		2.754255615271683055
0.076076076076076082		2.047891831342125268		1.108621863778873617		2.750789024568076613
0.077077077077077075		2.052831379409577828		1.123257653056515704		2.750846646106886784
0.078078078078078081		2.057661914635077860		1.136384297423001621		2.750773228750098554
0.079079079079079073		2.062385153135973148		1.150489812200673923		2.749682924811412743
0.080080080080080079		2.067002760821218477		1.166056936468679694		2.747893798015267564
0.081081081081081086		2.071516355609009707		1.178856332946726537		2.743439212707075914
0.082082082082082078		2.075927509519178926		1.190380094197149630		2.743256125202423235
0.083083083083083084		2.080237750649171158		1.204802792865278471		2.742746315264001922
0.084084084084084076		2.084448565041196133		1.216863133544745512		2.744243738405118815
0.085085085085085083		2.088561398448031792		1.228448172035717878		2.742737393114314415
0.086086086086086089		2.092577658003888175		1.241903289488155870		2.739656846529865408
0.087087087087087081		2.096498713806663527		1.254948283442831380		2.738265961632414314
0.088088088088088087		2.100325900417107317		1.270531515020032698		2.736086817446941044
0.089089089089089094		2.104060518280421288		1.284824595894167087		2.736201791928111415
0.090090090090090086		2.107703835074747012		1.297334597101499565		2.733821960400798279
0.091091091091091092		2.111257086991688237		1.313485214020549297		2.731229421452618045
0.092092092092092098		2.114721479952180960		1.323962610665651241		2.730011371016193067
0.093093093093093091		2.118098190762509159		1.331706703596454489		2.726321695269630752
0.094094094094094097		2.121388368213443787		1.341100816752036406		2.722838646455639111
0.095095095095095089		2.124593134126149252		1.349692306483937898		2.717582146431263279
0.096096096096096095		2.127713584347801223		1.362195434342275302		2.717324582521266851
0.097097097097097101		2.130750789700130543		1.376857454944336867		2.718021250420147084
0.098098098098098094		2.133705796883267780		1.389092400844849307		2.718217510092590494
0.099099099099099100		2.136579629337655994		1.399662511806622822		2.718085785101735485
0.100100100100100092		2.139373288066114043		1.410443039205812710		2.717669412748114244
0.101101101101101098		2.142087752418762481		1.423065617709718733		2.714282038511455664
0.102102102102102105		2.144723980842313082		1.432708919916813928		2.713438224736231863
0.103103103103103097		2.147282911595993049		1.443035492226613092		2.710584894525650324
0.104104104104104103		2.149765463435870494		1.451383334604618991		2.707243457291554911
0.105105105105105109		2.152172536269093328		1.462221508091513522		2.703929901387934986
0.106106106106106102		2.154505011779929369		1.472539448639330395		2.702983968638334566
0.107107107107107108		2.156763754028790281		1.482638863941976082		2.701965902458795199
0.108108108108108114		2.158949610025847399		1.492227444888313270		2.699533604694660749
0.109109109109109106		2.161063410280469110		1.498579100278471632		2.696570606775296142
0.110110110110110113		2.163105969327743683		1.503205869530413574		2.694805045002247379
0.111111111111111105		2.165078086233129362		1.509925089229729123		2.690689911450489635
0.112112112112112111		2.166980545076583997		1.515996476809957860		2.687041267542261469
0.113113113113113117		2.168814115416865640		1.523176211598410434		2.683311322127783338
0.114114114114114110		2.170579552737307072		1.533701625281694847		2.680988019332953165
0.115115115115115116		2.172277598873665561		1.546345778239657465		2.679226410069873054
0.116116116116116108		2.173908982425108327		1.555177554467590095		2.678597433402087891
0.117117117117117114		2.175474419149184602		1.562556330906370139		2.675535296865125812
0.118118118118118121		2.176974612341207038		1.573346940652953219		2.673963760435964954
0.119119119119119113		2.178410253199365432		1.577236527103160979		2.673269097317297227
0.120120120120120119		2.179782021175520779		1.583046034299448568		2.671697934514532413
0.121121121121121125		2.181090584313023495		1.591112801780462993		2.668523011444135840
0.122122122122122118		2.182336599571605529		1.599589513797802454		2.666745319485426258
0.123123123123123124		2.183520713140324254		1.605498204633730053		2.664896974103907912
0.124124124124124130		2.184643560738899648		1.612228530382602498		2.661166047781945654
0.125125125125125136		2.185705767907987873		1.618710586115227557		2.659314344609655656
0.126126126126126115		2.186707950288891311		1.626580555685960272		2.658281111486737291
0.127127127127127121		2.187650713893234400		1.634905855185434964		2.655692179647139550
0.128128128128128127		2.188534655363003179		1.644131245818054365		2.654875108522433802
0.129129129129129133		2.189360362221164369		1.651349617601434172		2.653822528583513307
0.130130130130130139		2.190128413113794803		1.656464254720174223		2.651229872485658667
0.131131131131131118		2.190839378043444086		1.661082726531145859		2.647397352419898375
0.132132132132132124		2.191493818594525411		1.667998537584163277		2.645117370210737118
0.133133133133133130		2.192092288151039181		1.670405578879107455		2.640824265003914650
0.134134134134134136		2.192635332106591228		1.672941074357971569		2.637938088838921225
0.135135135135135143		2.193123488067679983		1.678474744498973603		2.636748035832419568
0.136136136136136121		2.193557286049760968		1.685065191672429963		2.634968614598949710
0.137137137137137127		2.193937248667034101		1.689625453934715527		2.631638280380301342
0.138138138138138133		2.194263891315756165		1.695419604001601632		2.628095490618694630
0.139139139139139140		2.194537722351659781		1.703327090771612928		2.626062604795088351
0.140140140140140146		2.194759243261473536		1.706311050667558948		2.624046957612879982
0.141141141141141152		2.194928948828983817		1.712403499854377120		2.621818591481716254
0.142142142142142131		2.195047327295554407		1.717441265039570952		2.619622928919173699
0.143143143143143137		2.195114860515778865		1.721822366388225278		2.616463091660251816
0.144144144144144143		2.195132024107951718		1.727874323017854152		2.613537824177705637
0.145145145145145149		2.195099287599886040		1.732454770232696006		2.611411688338706849
0.146146146146146155		2.195017114570235517		1.738668590602470143		2.608645617843088793
0.147147147147147134		2.194885962785277034		1.739870871811995956		2.606709225962004606
0.148148148148148140		2.194706284331578772		1.745374026191551353		2.603947566991637430
0.149149149149149146		2.194478525744471220		1.750455116202934480		2.601553185419400727
0.150150150150150152		2.194203128132827807		1.755475360704182863		2.598886479085360524
0.151151151151151159		2.193880527299774563		1.759101250435395780		2.596065483463505075
0.152152152152152165		2.193511153860006502		1.763744433101296583		2.595094218431853506
0.153153153153153143		2.193095433353458468		1.766887484831657140		2.594501633612934288
0.154154154154154149		2.192633786355633774		1.768398347199425569		2.590860620874266829
0.155155155155155156		2.192126628584745607		1.769210579023376306		2.588039453819253488
0.156156156156156162		2.191574371005598376		1.770714879860576074		2.587506038812235509
0.157157157157157168		2.190977419930497661		1.773736234855913585		2.586389103587531935
0.158158158158158146		2.190336177117316208		1.777821476346183260		2.582601661890371769
0.159159159159159153		2.189651039864606741		1.778301842859058901		2.581219814311229488
0.160160160160160159		2.188922401104052007		1.782376334844312016		2.578577630064870618
0.161161161161161165		2.188150649490301358		1.785881859842066932		2.574822043673564487
0.162162162162162171		2.187336169488252491		1.789383383922211967		2.573660068201386153
0.163163163163163150		2.186479341457936432		1.791612051809559292		2.574428618476984454
0.164164164164164156		2.185580541736867666		1.793633286562086093		2.569702947794131997
0.165165165165165162		2.184640142720395861		1.795356230732579883		2.566886855403529566
0.166166166166166168		2.183658512939503193		1.798744316500845208		2.563526236684425808
0.167167167167167174		2.182636017136751594		1.800862803210987684		2.561610104243229991
0.168168168168168153		2.181573016340030424		1.799787325705425101		2.559690986181204941
0.169169169169169159		2.180469867934308859		1.799916961954439287		2.556995737981480943
0.170170170170170165		2.179326925731477793		1.800884367374478545		2.554618077405611754
0.171171171171171171		2.178144540038293275		1.801657110457541178		2.551771262837831955
0.172172172172172178		2.176923057722639498		1.801536216325999806		2.551983436944308181
0.173173173173173184		2.175662822277760533		1.806534642380978717		2.548911310614547787
0.174174174174174162		2.174364173885134033		1.806214143662851823		2.546737150950479478
0.175175175175175168		2.173027449475446904		1.809285990979167869		2.543406832399662143
0.176176176176176175		2.171652982788141006		1.810072637656488403		2.542822093418662721
0.177177177177177181		2.170241104429252221		1.811486579314153023		2.541655807648960597
0.178178178178178187		2.168792141927979422		1.811906837852626628		2.540739550848051920
0.179179179179179165		2.167306419791604544		1.811570299390592442		2.538367441794104451
0.180180180180180172		2.165784259559182967		1.811538396266559436		2.537611489706646850
0.181181181181181178		2.164225979853660053		1.810715288061913730		2.538090617256335335
0.182182182182182184		2.162631896432883227		1.810912785107672729		2.535653539149452129
0.183183183183183190		2.161002322239303552		1.811994646129331477		2.534679572086349086
0.184184184184184196		2.159337567448276651		1.811254699803195312		2.531466406829177895
0.185185185185185175		2.157637939515332892		1.811112743401436243		2.528485852633225672
0.186186186186186181		2.155903743222281843		1.811040020073067192		2.528818382517386887
0.187187187187187187		2.154135280722072388		1.810744441806662719		2.527095963917161292
0.188188188188188193		2.152332851582548390		1.811539935771868670		2.524810784435194133
0.189189189189189200		2.150496752829397007		1.808655622331579726		2.522434520893508392
0.190190190190190178		2.148627278987689238		1.809627775175186803		2.520562337342817205
0.191191191191191184		2.146724722122742346		1.808645850165957469		2.519068863258181690
0.192192192192192191		2.144789371879771256		1.808408463418654799		2.519047679484018420
0.193193193193193197		2.142821515522745024		1.806608762701188864		2.515250146192995473
0.194194194194194203		2.140821437972226793		1.804710919274518321		2.515081586739158048
0.195195195195195181		2.138789421842457017		1.803745015477151270		2.513084545936515202
0.196196196196196188		2.136725747477365545		1.802924921377291767		2.512209022529982239
0.197197197197197194		2.134630692985946876		1.801640739280995218		2.509680919642153007
0.198198198198198200		2.132504534276650876		1.800423608916407403		2.508016251623874204
0.199199199199199206		2.130347545091108241		1.798692132839520896		2.505450772108956503
0.200200200200200185		2.128159997036979778		1.798609698356002706		2.503869511510293577
0.201201201201201191		2.125942159620140881		1.797102270546209191		2.502109032719131321
0.202202202202202197		2.123694300275986269		1.795324823404342629		2.501722926240377731
0.203203203203203203		2.121416684400278196		1.793443201265554343		2.499944288307358153
0.204204204204204209		2.119109575379032329		1.792054164833548846		2.496223032152777854
0.205205205205205216		2.116773234617907118		1.788905978595365154		2.495579226072307311
0.206206206206206194		2.114407921570790272		1.788637908413615918		2.496699099148502299
0.207207207207207200		2.112013893767994421		1.786392954039975223		2.495858586314949612
0.208208208208208206		2.109591406843441153		1.784645545476919670		2.493837215668568863
0.209209209209209213		2.107140714561717143		1.782714691291914066		2.493543921317510126
0.210210210210210219		2.104662068844107559		1.780843017733866551		2.491083954797132627
0.211211211211211197		2.102155719794314592		1.778304133267205378		2.487165937139325322
0.212212212212212203		2.099621915723568932		1.776527422297872638		2.486067919073908783
0.213213213213213210		2.097060903175160806		1.775218317713548988		2.484460728861602075
0.214214214214214216		2.094472926948371061		1.772301909660899177		2.481694215617793908
0.215215215215215222		2.091858230122106921		1.769941737305050111		2.481156258276239868
0.216216216216216228		2.089217054077823210		1.767446901507369050		2.477480883154443703
0.217217217217217207		2.086549638522026573		1.765572433415091069		2.476956061875799531
0.218218218218218213		2.083856221508374240		1.763153254911572043		2.475872166287374387
0.219219219219219219		2.081137039459092453		1.760233761478807279		2.472900805818529335
0.220220220220220225		2.078392327186321165		1.757228921549777390		2.469477627329276448
0.221221221221221231		2.075622317912499959		1.755075362098604153		2.466401979113189036
0.222222222222222210		2.072827243290899180		1.752989777038556740		2.464625357940497974
0.223223223223223216		2.070007333425209595		1.749768690081412670		2.461182437094385556
0.224224224224224222		2.067162816889102306		1.747463469944762648		2.458411381425508857
0.225225225225225228		2.064293920745150945		1.744775314445653258		2.457079791353298681
0.226226226226226235		2.061400870563487864		1.741850559198906412		2.454328170146016674
0.227227227227227213		2.058483890440075292		1.738790414666638862		2.453396728624338330
0.228228228228228219		2.055543203014500886		1.735894282215318718		2.450415977838383164
0.229229229229229226		2.052579029487616058		1.732995661674139765		2.447900006859922595
0.230230230230230232		2.049591589638494860		1.730410313365304154		2.446729993404580306
0.231231231231231238		2.046581101841456807		1.727386039718702859		2.446873173688078662
0.232232232232232216		2.043547783082408920		1.725257189935228253		2.443712052166101767
0.233233233233233223		2.040491848975057643		1.722362643301242668		2.439648396781703088
0.234234234234234229		2.037413513776709983		1.720366859425944916		2.437744332535452418
0.235235235235235235		2.034312990403764232		1.716908366766305205		2.435337095696974430
0.236236236236236241		2.031190490446963093		1.714150603991967614		2.433413870595311224
0.237237237237237247		2.028046224186322632		1.712157046204716870		2.429768257347570071
0.238238238238238226		2.024880400605681086		1.709773394157331206		2.427574101600640244
0.239239239239239232		2.021693227407107774		1.706432080057092904		2.425344909973134566
0.240240240240240238		2.018484911024886586		1.703660952782481308		2.424538712230040804
0.241241241241241244		2.015255656639383552		1.700842507058525577		2.424323269742131082
0.242242242242242251		2.012005668190520513		1.697735745862234635		2.423885976209903870
0.243243243243243229		2.008735148391036951		1.694290872715217722		2.423051231343178014
0.244244244244244235		2.005444298739540887		1.690653849236610551		2.421917325202178617
0.245245245245245241		2.002133319533216049		1.687593593314548501		2.420814822699151492
0.246246246246246248		1.998802409880384934		1.684360720204522988		2.419093138590756809
0.247247247247247254		1.995451767712771440		1.681770087759272947		2.418301447942060811
0.248248248248248260		1.992081589797570995		1.678931290338220084		2.416018049224061492
0.249249249249249238		1.988692071749278423		1.675710643148838663		2.414388395157656131
0.250250250250250272		1.985283408041250031		1.672932376668218479		2.413360543364205135
0.251251251251251251		1.981855792017179541		1.669465215522664803		2.412300776134827629
0.252252252252252229		1.978409415902241397		1.666130004232400763		2.411145671515266820
0.253253253253253263		1.974944470814021136		1.663203919902871419		2.408382870492138839
0.254254254254254242		1.971461146773331397		1.659730865248925546		2.404984663254293498
0.255255255255255276		1.967959632714821883		1.656591840020960049		2.402263501637596832
0.256256256256256254		1.964440116497259137		1.653097723190289692		2.400533030704629756
0.257257257257257232		1.960902784913859165		1.650535077717885768		2.399185976876927473
0.258258258258258266		1.957347823702168643		1.647458434318300746		2.398774395810395532
0.259259259259259245		1.953775417553968108		1.644383477768894819		2.395816738730732087
0.260260260260260279		1.950185750124923567		1.641658780080456737		2.391927481061498550
0.261261261261261257		1.946579004044039163		1.638819334624348700		2.390071105520161332
0.262262262262262236		1.942955360922931529		1.635507941462119863		2.386597539538908297
0.263263263263263270		1.939315001365110591		1.631536858567470771		2.383275091650802757
0.264264264264264248		1.935658104974765870		1.627728562700012205		2.381833886272480605
0.265265265265265282		1.931984850365780160		1.624179674013390473		2.379962418003194635
0.266266266266266260		1.928295415170277138		1.620685123282283424		2.379382780806832187
0.267267267267267239		1.924589976047184958		1.616975529146188251		2.374728666146702860
0.268268268268268273		1.920868708690572024		1.613368618785017139		2.371399611644894545
0.269269269269269251		1.917131787837903945		1.610247683586732981		2.371086069411483255
0.270270270270270285		1.913379387278141719		1.606449058389434192		2.366340854774860336
0.271271271271271264		1.909611679859601674		1.602664946486275888		2.361837234432830446
0.272272272272272242		1.905828837497820061		1.599220701553301538		2.359175472977303567
0.273273273273273276		1.902031031183216259		1.595255888291065460		2.359435888899964251
0.274274274274274255		1.898218430988620753		1.591197686553859292		2.357499784794901743
0.275275275275275289		1.894391206076696532		1.587236991714603196		2.353231454361573327
0.276276276276276267		1.890549524707162643		1.583591431552746842		2.350120230061654159
0.277277277277277301		1.886693554244108562		1.580030545504523820		2.348214120026372420
0.278278278278278279		1.882823461162806078		1.576386415933562990		2.347119966285925230
0.279279279279279258		1.878939411056838704		1.572726025996045385		2.345420618075108710
0.280280280280280292		1.875041568644792322		1.568794706308146880		2.341839331284423231
0.281281281281281270		1.871130097776978474		1.565187509239919228		2.340443689528441062
0.282282282282282304		1.867205161442007766		1.561487602601135949		2.337430402473863467
0.283283283283283283		1.863266921773275353		1.557515214132991321		2.334830157911446324
0.284284284284284261		1.859315540055284766		1.553844361626755433		2.332082862604899720
0.285285285285285295		1.855351176730004159		1.549872610962967689		2.331721036315400841
0.286286286286286273		1.851373991402908370		1.545461382440627363		2.329218416464601482
0.287287287287287307		1.847384142849074484		1.541375340744995270		2.324003046404215400
0.288288288288288286		1.843381789019181038		1.537251332534568693		2.321347749146226214
0.289289289289289264		1.839367087045328031		1.533461229879599541		2.315855519644073546
0.290290290290290298		1.835340193246788099		1.529487329687699626		2.313304200570728497
0.291291291291291277		1.831301263135759916		1.525468099706341230		2.308839168210783388
0.292292292292292311		1.827250451422831601		1.521705500055448690		2.304366982988692580
0.293293293293293289		1.823187912022566470		1.517835399212405179		2.299902386454203196
0.294294294294294267		1.819113798058881626		1.513948257549246668		2.296940352926186701
0.295295295295295301		1.815028261870355042		1.510277883137245869		2.294197136106480350
0.296296296296296280		1.810931455015486025		1.506413790045436629		2.290187935444999212
0.297297297297297314		1.806823528277819113		1.502373549014174303		2.289109383817998555
0.298298298298298292		1.802704631671023128		1.498957441836767934		2.286414000865480300
0.299299299299299271		1.798574914443880735		1.494828710705752295		2.283306390384003404
0.300300300300300305		1.794434525085245591		1.490974925062353851		2.279899937706292956
0.301301301301301283		1.790283611328832292		1.487668795239158737		2.275212630795821589
0.302302302302302317		1.786122320157991661		1.484074127204930260		2.271091597965279263
0.303303303303303295		1.781950797810369469		1.480040703481166009		2.268783614355607714
0.304304304304304329		1.777769189782599568		1.476210961319376791		2.264861743667285765
0.305305305305305308		1.773577640834832270		1.472174555122155892		2.258860309857408488
0.306306306306306286		1.769376294995085086		1.467961666112836960		2.254728402927012709
0.307307307307307320		1.765165295563860148		1.464109818320457279		2.250923136711695971
0.308308308308308299		1.760944785118340850		1.460163605808493026		2.245093406014907256
0.309309309309309333		1.756714905516681746		1.456584302125359498		2.239243504061439349
0.310310310310310311		1.752475797902309118		1.452650502014327882		2.234652257889685245
0.311311311311311290		1.748227602707948636		1.448733294422607454		2.228788571327771084
0.312312312312312323		1.743970459659816230		1.444685821153342209		2.224485855383219413
0.313313313313313302		1.739704507781586917		1.440637348200837220		2.221937435369636837
0.314314314314314336		1.735429885398380501		1.437375342822114099		2.219377153682860371
0.315315315315315314		1.731146730140670886		1.433647612321175879		2.215799450547384808
0.316316316316316293		1.726855178948141445		1.429858045633076058		2.212729800752349707
0.317317317317317327		1.722555368073478865		1.426069884534468590		2.207788350576514347
0.318318318318318305		1.718247433086089293		1.422764699002117439		2.202702559881973610
0.319319319319319339		1.713931508875804033		1.418622289462138308		2.197009426564454415
0.320320320320320318		1.709607729656540620		1.414740507182882689		2.191282895419365939
0.321321321321321296		1.705276228969841101		1.410908868409618044		2.185499604097362880
0.322322322322322330		1.700937139688408539		1.406890525655980051		2.180795096039548575
0.323323323323323308		1.696590594019585119		1.403069499136262888		2.174865597072070500
0.324324324324324342		1.692236723508774965		1.398572593597051661		2.168509042226644201
0.325325325325325321		1.687875659042914478		1.394519554010674511		2.164861160511006855
0.326326326326326299		1.683507530853619372		1.390489242337231923		2.161180803330630340
0.327327327327327333		1.679132468520663224		1.386502910558869095		2.155046573917891006
0.328328328328328312		1.674750600975087211		1.382541105297542261		2.151457412084044396
0.329329329329329346		1.670362056502463055		1.378430094720119792		2.147857283393263206
0.330330330330330324		1.665966962746025182		1.374289279383547280		2.144219979992247893
0.331331331331331302		1.661565446709764471		1.370695658419193386		2.137703440012991951
0.332332332332332336		1.657157634761500908		1.366840694568705050		2.133065750710079200
0.333333333333333315		1.652743652635929594		1.363457364190650445		2.128170797739514786
0.334334334334334349		1.648323625437582152		1.359612922143813130		2.122433995332058565
0.335335335335335327		1.643897677643744393		1.355396898086696167		2.117104410354236244
0.336336336336336306		1.639465933107409734		1.351326732579685830		2.113465181966244000
0.337337337337337340		1.635028515060120924		1.347193001571467708		2.107995683310796231
0.338338338338338318		1.630585546114761808		1.343142660825286994		2.102520706639325443
0.339339339339339352		1.626137148268389288		1.339089592175304322		2.098829185689969901
0.340340340340340330		1.621683442904997330		1.334683622700169936		2.094262209719568002
0.341341341341341364		1.617224550798135985		1.330354977843166697		2.092427302797132072
0.342342342342342343		1.612760592113701819		1.326376072981857224		2.089590725951356642
0.343343343343343321		1.608291686412563370		1.322007186811549051		2.084380211288986651
0.344344344344344355		1.603817952653088907		1.317804457103943561		2.078954394220679625
0.345345345345345334		1.599339509193790754		1.313359014571569006		2.074487855323182917
0.346346346346346368		1.594856473795883245		1.309397738580275306		2.070526581265538457
0.347347347347347346		1.590368963625721221		1.304725212143841073		2.067007726461686623
0.348348348348348325		1.585877095257382186		1.300608472350311517		2.062475746220819417
0.349349349349349358		1.581380984675010870		1.296366691372891289		2.057950973094192282
0.350350350350350337		1.576880747275305694		1.291800515201691590		2.054087157843582201
0.351351351351351371		1.572376497869848011		1.287343597925421079		2.050258301225267310
0.352352352352352349		1.567868350687543044		1.282956701537794286		2.044445254048241178
0.353353353353353328		1.563356419376869866		1.278066402801012469		2.040570088302874563
0.354354354354354362		1.558840817008189550		1.273636662553138788		2.035156357768812985
0.355355355355355340		1.554321656076077751		1.269117540629801644		2.030366802262487447
0.356356356356356374		1.549799048501503407		1.264520358458689930		2.022753643232825471
0.357357357357357353		1.545273105634103805		1.259184952753054532		2.017593668118376371
0.358358358358358331		1.540743938254288237		1.254564129697592456		2.010138628291152418
0.359359359359359365		1.536211656575488638		1.250108354583866044		2.004027590310717422
0.360360360360360343		1.531676370246291219		1.245048868981165402		2.000440749474539537
0.361361361361361377		1.527138188352472614		1.241324047423998378		1.996398780300621123
0.362362362362362356		1.522597219419202119		1.236050365128607664		1.990704799243671941
0.363363363363363334		1.518053571413007452		1.231710377083471863		1.986022698593417513
0.364364364364364368		1.513507351743879958		1.226739049363160028		1.980525937849203277
0.365365365365365347		1.508958667267261022		1.222565638877156191		1.975758392001430774
0.366366366366366381		1.504407624286056233		1.218480878508248377		1.970946872159996754
0.367367367367367359		1.499854328552590044		1.213927912854325664		1.965854199732737895
0.368368368368368393		1.495298885270567091		1.209269491358453852		1.959848581656866928
0.369369369369369371		1.490741399097017306		1.204099064282454501		1.953821899497197645
0.370370370370370350		1.486181974144173967		1.199485833268431056		1.947808430065558261
0.371371371371371384		1.481620713981366411		1.194250157629334730		1.944472316546291157
0.372372372372372362		1.477057721636935606		1.189578741493920289		1.940760230977504053
0.373373373373373396		1.472493099599966104		1.184880740728647464		1.933273602213083642
0.374374374374374375		1.467926949822263571		1.180749911771338478		1.926957004742154034
0.375375375375375353		1.463359373720063639		1.176566651670717834		1.919149133697976239
0.376376376376376387		1.458790472175804931		1.172232107873761642		1.913262786462411658
0.377377377377377365		1.454220345539965598		1.168027839095645115		1.909272536595844283
0.378378378378378399		1.449649093632799035		1.163813166193041537		1.905258806956567685
0.379379379379379378		1.445076815746022314		1.159109978949768527		1.898742236885464951
0.380380380380380356		1.440503610644610299		1.154882899836283450		1.894079112833075618
0.381381381381381390		1.435929576568393262		1.150024377920221719		1.888077151770201967
0.382382382382382369		1.431354811233818358		1.145528538906601224		1.884492680958949284
0.383383383383383403		1.426779411835597866		1.140895895030978435		1.878820837670102994
0.384384384384384381		1.422203475048329890		1.136643554568528725		1.873571960458039642
0.385385385385385359		1.417627097028173466		1.131779332067291088		1.866197041536548973
0.386386386386386393		1.413050373414422856		1.126855132025067929		1.859487598658397189
0.387387387387387372		1.408473399331134246		1.122381500722420267		1.853216181761511372
0.388388388388388406		1.403896269388701379		1.117641463859910589		1.847575481805982855
0.389389389389389384		1.399319077685429402		1.112246644708535959		1.843255381732803233
0.390390390390390363		1.394741917809112497		1.107391250745447975		1.836338624151386822
0.391391391391391397		1.390164882838547777		1.103634090622558794		1.830282960077407095
0.392392392392392375		1.385588065345057407		1.099102811370385568		1.826601336407673415
0.393393393393393409		1.381011557394034694		1.094516312699848504		1.820003360141009940
0.394394394394394388		1.376435450546434014		1.089901769190351200		1.815865200085256870
0.395395395395395366		1.371859835860238075		1.084814277707172758		1.810832066120233286
0.396396396396396400		1.367284803891976708		1.079952341582394171		1.804342388996317936
0.397397397397397378		1.362710444698117973		1.075412817233803109		1.796806130458602713
0.398398398398398412		1.358136847836608929		1.070770737788964810		1.788683768228825910
0.399399399399399391		1.353564102368242761		1.065974514469638867		1.782309935387907496
0.400400400400400369		1.348992296858122719		1.061871004334573820		1.777944646030292342
0.401401401401401403		1.344421519377050123		1.057297360126256303		1.772384100480427938
0.402402402402402382		1.339851857502926125		1.052784569653962832		1.766558977867597191
0.403403403403403416		1.335283398322189452		1.048001314646474835		1.759666425951635915
0.404404404404404394		1.330716228431113146		1.043400746102507437		1.754987988480571470
0.405405405405405428		1.326150433937273831		1.038969144255960320		1.751265144708521015
0.406406406406406406		1.321586100460841129		1.033924818651651201		1.745874500582293987
0.407407407407407385		1.317023313135944340		1.029347892742043191		1.739387001304042224
0.408408408408408419		1.312462156612004716		1.025504322585151007		1.733155163202804605
0.409409409409409397		1.307902715055060172		1.020836242522930259		1.728457702707940191
0.410410410410410431		1.303345072149128203		1.016620357690287024		1.723838049410220785
0.411411411411411410		1.298789311097457322		1.012673456490001733		1.719245785608517263
0.412412412412412388		1.294235514623831351		1.008480060835419856		1.712717000720282767
0.413413413413413422		1.289683764973930336		1.003963535866058354		1.707526257455687091
0.414414414414414400		1.285134143916511373		0.999184078984827084		1.702494343116079722
0.415415415415415434		1.280586732744745326		0.994951985231369407		1.697449565295779506
0.416416416416416413		1.276041612277490689		0.990457262989146714		1.692448417622905543
0.417417417417417391		1.271498862860471535		0.985947604490114093		1.688677525247923361
0.418418418418418425		1.266958564367613782		0.981103407913257342		1.684358869655503410
0.419419419419419404		1.262420796202253115		0.976365487557839584		1.677272346617722176
0.420420420420420438		1.257885637298347570		0.971863471810713087		1.672064927789912225
0.421421421421421416		1.253353166121727202		0.967115068314376769		1.666939261832359964
0.422422422422422394		1.248823460671274477		0.962985072016211974		1.661813744567423701
0.423423423423423428		1.244296598480194360		0.958998830184692785		1.655974279017661921
0.424424424424424407		1.239772656617150526		0.954022376657910232		1.648752572459327936
0.425425425425425441		1.235251711687510134		0.948852924454497204		1.642486662840642930
0.426426426426426419		1.230733839834485810		0.943682614630752647		1.635599963725426376
0.427427427427427398		1.226219116740384196		0.939400397893696892		1.628394059175586994
0.428428428428428432		1.221707617627706632		0.934876508341389911		1.621747415766819023
0.429429429429429410		1.217199417260364847		0.930604461516117087		1.614345481806431337
0.430430430430430444		1.212694589944809831		0.926337095984350212		1.608332400462913370
0.431431431431431422		1.208193209531249313		0.921762345001293393		1.603027346339782611
0.432432432432432456		1.203695349414708238		0.917676427398483430		1.596997058905368139
0.433433433433433435		1.199201082536252905		0.913850773516831305		1.589305968276269576
0.434434434434434413		1.194710481384079204		0.909273324783171355		1.582859383122418029
0.435435435435435447		1.190223617994681016		0.905061808903817044		1.575898376105887788
0.436436436436436426		1.185740563953957993		0.901077816496445805		1.568215804302588223
0.437437437437437460		1.181261390398323119		0.895923095890793997		1.564256377924751140
0.438438438438438438		1.176786168015870215		0.891122654840684092		1.558245430195631442
0.439439439439439417		1.172314967047411560		0.885757774498556083		1.553000488343160956
0.440440440440440450		1.167847857287679814		0.881350634450565495		1.546972667801006729
0.441441441441441429		1.163384908086360969		0.877213345691595814		1.540216974682999673
0.442442442442442463		1.158926188349193476		0.872993889311829308		1.536962138870365147
0.443443443443443441		1.154471766539110877		0.869461062636255888		1.531301948002158575
0.444444444444444420		1.150021710677284315		0.865602020061561284		1.526474667050095935
0.445445445445445454		1.145576088344231414		0.860872447126342477		1.520660370820491325
0.446446446446446432		1.141134966680882323		0.856228857214633599		1.515831082830022547
0.447447447447447466		1.136698412389695712		0.852353334569190491		1.509928216006433788
0.448448448448448445		1.132266491735644420		0.847872257487517267		1.504696951930377447
0.449449449449449423		1.127839270547421391		0.843569828981414638		1.500576502055350092
0.450450450450450457		1.123416814218364035		0.838806449871135174		1.495352413785816070
0.451451451451451435		1.118999187707616638		0.834467412061275726		1.490103682744639446
0.452452452452452469		1.114586455541127119		0.830430340962287739		1.484594032503292471
0.453453453453453448		1.110178681812750812		0.826499444878121658		1.479934446757281918
0.454454454454454426		1.105775930185294964		0.822057476623082706		1.475947846423495191
0.455455455455455460		1.101378263891489073		0.817629184148374488		1.470983398902601547
0.456456456456456439		1.096985745735178819		0.813759756674463763		1.465965545826680039
0.457457457457457473		1.092598438092211355		0.809988730667189571		1.461551533427207561
0.458458458458458451		1.088216402911630132		0.806252609911510487		1.457151940930542899
0.459459459459459429		1.083839701716571069		0.802118456376478828		1.450574411774288031
0.460460460460460463		1.079468395605376330		0.798334987555079478		1.445714559669264654
0.461461461461461442		1.075102545252626607		0.793668402730457467		1.438831492559523362
0.462462462462462476		1.070742210910140768		0.789958747597338973		1.433775233835208329
0.463463463463463454		1.066387452408027237		0.786288082841407054		1.428192317997031724
0.464464464464464433		1.062038329155704508		0.782118907654826057		1.423734439235230465
0.465465465465465467		1.057694900142903238		0.778333723954497625		1.419341218783528591
0.466466466466466445		1.053357223940724285		0.774544591908493452		1.413245139410016726
0.467467467467467479		1.049025358702615929		0.770278266795472399		1.406922751062472887
0.468468468468468457		1.044699362165448564		0.765990728504339247		1.400518967310770968
0.469469469469469491		1.040379291650457283		0.761785124341273767		1.395240677250159100
0.470470470470470470		1.036065204064325451		0.758051515145794053		1.388777047256692265
0.471471471471471448		1.031757155900148160		0.754027383001838913		1.384464243438619402
0.472472472472472482		1.027455203238455628		0.749716180483005812		1.380066615475662006
0.473473473473473461		1.023159401748231057		0.745726236504352769		1.375865658286002713
0.474474474474474495		1.018869806687916491		0.741613729395618981		1.371317021576259787
0.475475475475475473		1.014586472906401582		0.737375962061926571		1.366647035258367726
0.476476476476476452		1.010309454844056765		0.733367934889053275		1.362460533844412236
0.477477477477477485		1.006038806533693153		0.729754942850856070		1.356921738176205761
0.478478478478478464		1.001774581601624581		0.725328672241339900		1.350979733571343822
0.479479479479479498		0.997516833268604519		0.720857524144856265		1.345843829610153586
0.480480480480480476		0.993265614350886117		0.716752520029063200		1.339554207211850922
0.481481481481481455		0.989020977261162670		0.712502776912430358		1.332871051994305667
0.482482482482482489		0.984782974009612899		0.708920193110271990		1.328567351699911470
0.483483483483483467		0.980551656204861288		0.705209075095939442		1.323179048056130735
0.484484484484484501		0.976327075055014704		0.701311089659530595		1.316369150323823733
0.485485485485485480		0.972109281368610190		0.696886659103699957		1.310392279184693143
0.486486486486486458		0.967898325555666683		0.692468243499618885		1.305387525409388072
0.487487487487487492		0.963694257628615158		0.688463613564945787		1.299401011297154129
0.488488488488488470		0.959497127203324474		0.684818753942002978		1.294259578764569207
0.489489489489489504		0.955306983500115559		0.680483041186770721		1.290417408269656230
0.490490490490490483		0.951123875344725866		0.676866548579577731		1.285212900769897137
0.491491491491491461		0.946947851169298027		0.673026702877983940		1.281402532772113245
0.492492492492492495		0.942778959013381046		0.669201433925322053		1.275583161474622695
0.493493493493493474		0.938617246524923954		0.665418664598920961		1.269746316094400918
0.494494494494494508		0.934462760961280781		0.661315412540217418		1.265038229249430213
0.495495495495495486		0.930315549190148916		0.657596627146285750		1.260190060759313724
0.496496496496496520		0.926175657690627152		0.654186797402413589		1.254474677602924526
0.497497497497497498		0.922043132554175138		0.650307578561756694		1.248621970667067593
0.498498498498498477		0.917918019485585823		0.646111113573567541		1.244225196443494719
0.499499499499499511		0.913800363804001203		0.642102496851943982		1.239518196669253003
0.500500500500500545		0.909690210443922287		0.637736664460330949		1.234967707797675507
0.501501501501501523		0.905587603956129916		0.633463868962360843		1.230715140698469101
0.502502502502502502		0.901492588508744808		0.629652347222613207		1.225264719383291512
0.503503503503503480		0.897405207888212653		0.626256301315087582		1.219384532366886820
0.504504504504504458		0.893325505500226935		0.622593850981979280		1.213224323295277518
0.505505505505505548		0.889253524370805515		0.619210380983564179		1.206266620987709981
0.506506506506506526		0.885189307147239757		0.615475028722409334		1.202898658381516661
0.507507507507507505		0.881132896099103391		0.611511054819509847		1.198758711713912684
0.508508508508508483		0.877084333119207415		0.607851838230279329		1.194401773870119365
0.509509509509509462		0.873043659724638044		0.604418559128305222		1.190843831251006124
0.510510510510510551		0.869010917057727039		0.600158266021152853		1.185094347672131621
0.511511511511511530		0.864986145887067348		0.596462610624374112		1.179308875312506055
0.512512512512512508		0.860969386608474774		0.592621048349031621		1.174928889320492997
0.513513513513513487		0.856960679245999724		0.588658305301369311		1.169743111779387501
0.514514514514514465		0.852960063452908201		0.585361997136350620		1.164718742180607336
0.515515515515515554		0.848967578512716869		0.581914024693087284		1.159569215658105890
0.516516516516516533		0.844983263340157498		0.578445443666053549		1.155006413389166653
0.517517517517517511		0.841007156482172280		0.574401881755268851		1.150153004122247413
0.518518518518518490		0.837039296118914700		0.570592005211526532		1.145404258651675722
0.519519519519519468		0.833079720064762830		0.566849857931379542		1.141561749958218241
0.520520520520520558		0.829128465769309875		0.563293710013100912		1.137319166960792716
0.521521521521521536		0.825185570318355710		0.559726723216183886		1.132673880054246851
0.522522522522522515		0.821251070434916963		0.556204178968638496		1.126090082848506535
0.523523523523523493		0.817325002480225327		0.553141368741288608		1.121542831140714069
0.524524524524524471		0.813407402454762396		0.549674383089413854		1.117020739579874133
0.525525525525525561		0.809498305999163059		0.545945323118963710		1.113027692088876641
0.526526526526526539		0.805597748395361357		0.542387413631597148		1.109594777533096766
0.527527527527527518		0.801705764567474666		0.538828545426377703		1.103580904769391191
0.528528528528528496		0.797822389082894934		0.535344485572957884		1.099078589678208928
0.529529529529529475		0.793947656153232262		0.532077521316786983		1.094264770486000460
0.530530530530530564		0.790081599635360510		0.528580366635111765		1.089588027440250295
0.531531531531531543		0.786224253032407394		0.525112060324321228		1.085172857073416708
0.532532532532532521		0.782375649494798542		0.521725076713499658		1.080757272263707103
0.533533533533533499		0.778535821821202401		0.518335056877819889		1.076234057348088191
0.534534534534534478		0.774704802459630693		0.514991609233162895		1.071802243904619978
0.535535535535535567		0.770882623508363896		0.511613574549661831		1.067298244185549860
0.536536536536536546		0.767069316717024607		0.508176654795832627		1.062801819478775611
0.537537537537537524		0.763264913487579855		0.504660043253695179		1.058302146112029885
0.538538538538538503		0.759469444875331190		0.501408460643754994		1.054172973060281793
0.539539539539539481		0.755682941589968071		0.498020620924462920		1.049639378332289041
0.540540540540540571		0.751905433996585715		0.494716852027506093		1.045517400523881202
0.541541541541541549		0.748136952116651655		0.491385590666279570		1.041123067943735547
0.542542542542542527		0.744377525629099535		0.488068340682328572		1.036453212562270521
0.543543543543543506		0.740627183871306216		0.484760033780602895		1.032355807642066692
0.544544544544544484		0.736885955840128060		0.481461930546397243		1.028677095609747516
0.545545545545545574		0.733153870192924995		0.477782668700245938		1.023576283515288399
0.546546546546546552		0.729430955248591584		0.474276570963130140		1.019201280295707779
0.547547547547547531		0.725717238988554669		0.470893512085460320		1.015343006712190688
0.548548548548548509		0.722012749057865277		0.467846323291351229		1.011728896272679812
0.549549549549549599		0.718317512766151633		0.464555125435463900		1.007650299274819972
0.550550550550550577		0.714631557088706404		0.460961409119389154		1.004013887470771804
0.551551551551551555		0.710954908667492558		0.457249200383835208		0.999578414499927792
0.552552552552552534		0.707287593812189308		0.454014630082127557		0.995747730382430252
0.553553553553553512		0.703629638501205412		0.451253464895734535		0.992096593882311306
0.554554554554554602		0.699981068382744986		0.448382366672147703		0.987019783972184150
0.555555555555555580		0.696341908775838236		0.445383457238311020		0.983642555299420129
0.556556556556556559		0.692712184671333331		0.442286143867996806		0.978939024613144637
0.557557557557557537		0.689091920733016061		0.439554491736793507		0.975198074610296284
0.558558558558558516		0.685481141298583951		0.436589580725205650		0.970949561998381006
0.559559559559559605		0.681879870380724618		0.433107881592692257		0.967440708166668606
0.560560560560560583		0.678288131668133509		0.429794695506889979		0.963459593894298361
0.561561561561561562		0.674705948526592825		0.426884862111066965		0.958985944991300410
0.562562562562562540		0.671133343999976817		0.423987412514725881		0.954685657192719472
0.563563563563563519		0.667570340811334373		0.421102331622234816		0.950532774491867793
0.564564564564564608		0.664016961363917746		0.417635456647965864		0.946054392603967953
0.565565565565565587		0.660473227742240487		0.414203751114605501		0.940866063676777054
0.566566566566566565		0.656939161713115172		0.411460456329825808		0.935888594127016971
0.567567567567567544		0.653414784726739306		0.408788084788045514		0.931518478941472772
0.568568568568568522		0.649900117917700748		0.405485703702369749		0.927695761685523812
0.569569569569569611		0.646395182106073163		0.402242872227764170		0.924093829178068704
0.570570570570570590		0.642899997798452416		0.399309875269096337		0.920840490182231242
0.571571571571571568		0.639414585189032825		0.396093060476436831		0.916842852081429571
0.572572572572572547		0.635938964160627229		0.392858465657653255		0.913967982855565020
0.573573573573573525		0.632473154285772665		0.389506648538558709		0.909270746479947545
0.574574574574574615		0.629017174827759429		0.386471970113327568		0.904694501029562614
0.575575575575575593		0.625571044741725979		0.383552671895923902		0.901848526517781468
0.576576576576576572		0.622134782675669795		0.380752860501097745		0.896948040661031509
0.577577577577577550		0.618708406971574698		0.377780689736718356		0.893122032543640754
0.578578578578578528		0.615291935666441026		0.375085727142710157		0.889122296739474960
0.579579579579579618		0.611885386493350003		0.372665560704411258		0.884390291932352191
0.580580580580580596		0.608488776882548321		0.369625286674684361		0.879720787327408216
0.581581581581581575		0.605102123962513172		0.366489371775234496		0.874931529260561391
0.582582582582582553		0.601725444561028500		0.363747857417730691		0.871439118085546971
0.583583583583583532		0.598358755206245263		0.360459971725657746		0.867894327302531798
0.584584584584584621		0.595002072127758463		0.357920762415219584		0.864160818655446139
0.585585585585585600		0.591655411257701713		0.355250465703375928		0.861014988239424350
0.586586586586586578		0.588318788231787182		0.352614334538578933		0.857357684278921228
0.587587587587587556		0.584992218390415153		0.349700791277044898		0.853850736429708990
0.588588588588588535		0.581675716779744056		0.347077622216190262		0.850346487038421528
0.589589589589589624		0.578369298152745293		0.344503285017594973		0.846844975088895668
0.590590590590590603		0.575072976970327443		0.341879210593233784		0.843478805623498973
0.591591591591591581		0.571786767402378326		0.339217943327464300		0.839853734772095684
0.592592592592592560		0.568510683328871114		0.336266707350946603		0.835465175400813886
0.593593593593593538		0.565244738340954012		0.333597160500259504		0.830649090226521114
0.594594594594594628		0.561988945741993540		0.330960111370881549		0.826986695196386234
0.595595595595595606		0.558743318548730938		0.328335437879014036		0.823917101426241971
0.596596596596596584		0.555507869492292361		0.325680346914323404		0.820731153602699326
0.597597597597597563		0.552282611019321412		0.323251843033077191		0.817161958534348476
0.598598598598598541		0.549067555293078047		0.320525146753662060		0.813653781406531440
0.599599599599599631		0.545862714194505272		0.317951780672137641		0.809992848856056047
0.600600600600600609		0.542668099323309394		0.315640661677128120		0.806112875270919460
0.601601601601601588		0.539483721999090116		0.313176576405057527		0.802309663941140450
0.602602602602602566		0.536309593262400464		0.310469674216357072		0.798480525333354563
0.603603603603603545		0.533145723875868116		0.308092159151411915		0.794647682266261812
0.604604604604604634		0.529992124325261771		0.305785009616217629		0.791216408273409666
0.605605605605605612		0.526848804820615690		0.303222604883916946		0.787540025227275953
0.606606606606606591		0.523715775297297625		0.300582413430460327		0.783788183865107180
0.607607607607607569		0.520593045417146683		0.298202784955707845		0.780060969359701595
0.608608608608608659		0.517480624569520153		0.295839962181460026		0.776368092439449820
0.609609609609609637		0.514378521872437711		0.293336845199118179		0.772181697249566978
0.610610610610610616		0.511286746173671758		0.290798603843400394		0.768725870681834511
0.611611611611611594		0.508205306051825234		0.288089594312417929		0.765275902169898381
0.612612612612612573		0.505134209817463153		0.285625669853524500		0.761754138327627395
0.613613613613613662		0.502073465514203288		0.283297104677312839		0.758456018918334141
0.614614614614614641		0.499023080919820339		0.280790815191640897		0.755040282622521652
0.615615615615615619		0.495983063547348058		0.278322239693155726		0.751628380632819448
0.616616616616616597		0.492953420646191909		0.275869171069014207		0.748057304472154350
0.617617617617617576		0.489934159203233854		0.273447675206626828		0.744521115376005849
0.618618618618618665		0.486925285943927089		0.271177093230228039		0.741040156129140426
0.619619619619619644		0.483926807333421694		0.268922468627866951		0.736679801744819174
0.620620620620620622		0.480938729577660151		0.266529980514749298		0.733262345683687311
0.621621621621621601		0.477961058624495672		0.264021410606452789		0.730363911967765400
0.622622622622622579		0.474993800164786262		0.261528760621384193		0.727245288728502581
0.623623623623623669		0.472036959633527764		0.259113688438859402		0.724097369306858307
0.624624624624624647		0.469090542210941930		0.256776170348299970		0.720833148832129011
0.625625625625625625		0.466154552823600965		0.254443925871703391		0.717066034160246613
0.626626626626626604		0.463228996145549909		0.251868843413637467		0.713612165599886605
0.627627627627627582		0.460313876599379002		0.249561325325382832		0.710869292287871990
0.628628628628628672		0.457409198357376034		0.247477326463076686		0.707638913358972443
0.629629629629629650		0.454514965342640687		0.245413542881143976		0.704339853635518542
0.630630630630630629		0.451631181230166823		0.243361044198040471		0.700902154931498322
0.631631631631631607		0.448757849447976531		0.241222519620103437		0.698371474124386493
0.632632632632632586		0.445894973178245002		0.238689704452624329		0.695608595491844728
0.633633633633633675		0.443042555358389767		0.236253919608860774		0.692860969838655749
0.634634634634634653		0.440200598682208510		0.234147903253945910		0.688644399871982782
0.635635635635635632		0.437369105600992292		0.231982054534488169		0.684252352411254816
0.636636636636636610		0.434548078324626497		0.229814578862773455		0.681158329653648420
0.637637637637637589		0.431737518822723376		0.227859258192871061		0.678681408479808956
0.638638638638638678		0.428937428825728773		0.225921392124106390		0.676206023185075722
0.639639639639639657		0.426147809826049717		0.223535150297918733		0.672677742430557557
0.640640640640640635		0.423368663079170704		0.221612971813895138		0.668826443047699559
0.641641641641641614		0.420599989604759417		0.219697994450139211		0.664894028191564734
0.642642642642642592		0.417841790187791939		0.217793922834158327		0.661911560840044655
0.643643643643643681		0.415094065379679522		0.215879861805111262		0.658818342635621446
0.644644644644644660		0.412356815499367424		0.213534442187164719		0.655519938562798332
0.645645645645645638		0.409630040634476167		0.211104974858880995		0.651969741203855535
0.646646646646646617		0.406913740642408428		0.208842532172130113		0.648425856179389970
0.647647647647647595		0.404207915151462094		0.206807809883143429		0.644888326198389650
0.648648648648648685		0.401512563561956415		0.204676077485443142		0.641360278379337068
0.649649649649649663		0.398827685047358049		0.202535515650680592		0.637832501457297196
0.650650650650650642		0.396153278555386734		0.200717864778783422		0.634341958829250485
0.651651651651651620		0.393489342809135167		0.198862636820776539		0.631056350972903579
0.652652652652652598		0.390835876308198826		0.196873150489336957		0.628228881225108449
0.653653653653653688		0.388192877329786801		0.194726184446935652		0.624856565757534788
0.654654654654654666		0.385560343929842231		0.192566235306240202		0.621931858361117862
0.655655655655655645		0.382938273944159913		0.190482898508846560		0.618702082483513105
0.656656656656656623		0.380326664989511731		0.188434712240762803		0.615484218238817937
0.657657657657657602		0.377725514464744561		0.186601871915507450		0.611755722650341838
0.658658658658658691		0.375134819551933285		0.184719039321755013		0.608878411472646097
0.659659659659659670		0.372554577217466154		0.182626019753170554		0.605654963176271544
0.660660660660660648		0.369984784213177931		0.180804098918459971		0.602632585604312765
0.661661661661661626		0.367425437077474160		0.179065900431792685		0.598928481940875668
0.662662662662662605		0.364876532136429454		0.177249780071035062		0.595485586228621133
0.663663663663663694		0.362338065504919427		0.175284738916760718		0.591189606938997803
0.664664664664664673		0.359810033087733405		0.173506004535309954		0.588592650817875929
0.665665665665665651		0.357292430580700315		0.171704332185549757		0.585410168248374441
0.666666666666666630		0.354785253471780582		0.170075322604711449		0.582551612224982862
0.667667667667667608		0.352288497042211268		0.168344653346989281		0.579697093678939845
0.668668668668668698		0.349802156367597872		0.166474726397079137		0.576846634876173936
0.669669669669669676		0.347326226319043307		0.164651905683163763		0.574000258065165303
0.670670670670670654		0.344860701564260463		0.162989027900543926		0.571445924850736420
0.671671671671671633		0.342405576568684589		0.161279057044613344		0.568558796983565151
0.672672672672672611		0.339960845596588457		0.159597083938649270		0.566158822101199055
0.673673673673673701		0.337526502712187038		0.157968119442483790		0.563761184619439693
0.674674674674674679		0.335102541780766150		0.156141008243102092		0.561217814816421079
0.675675675675675658		0.332688956469781971		0.154196168539426470		0.558294388020209253
0.676676676676676636		0.330285740249972259		0.152183904444282481		0.555488002764727096
0.677677677677677726		0.327892886396483563		0.150428102977191003		0.552428673573687634
0.678678678678678704		0.325510387989953798		0.148560816000009310		0.548972263621282153
0.679679679679679682		0.323138237917648785		0.146909781919969951		0.545586298403129999
0.680680680680680661		0.320776428874556430		0.145429573355632252		0.542908927102840666
0.681681681681681639		0.318424953364497776		0.143776143160087438		0.539912286133034658
0.682682682682682729		0.316083803701235899		0.142035133078750542		0.537095764795224917
0.683683683683683707		0.313752972009582187		0.140337049016697829		0.534485808281951913
0.684684684684684686		0.311432450226499014		0.138653239346121671		0.531729315266293634
0.685685685685685664		0.309122230102212292		0.136983642575776249		0.528752494423636921
0.686686686686686643		0.306822303201309765		0.135522639686903590		0.525763291857896387
0.687687687687687732		0.304532660903840791		0.133926306202529599		0.522918316916071824
0.688688688688688710		0.302253294406437334		0.132369900645738475		0.520313000821508331
0.689689689689689689		0.299984194723386721		0.130963375533843907		0.517734892275069636
0.690690690690690667		0.297725352687761846		0.129371425601311929		0.515211959646013629
0.691691691691691646		0.295476758952499974		0.127751868115577649		0.512591073544907849
0.692692692692692735		0.293238403991510521		0.126193725488246616		0.509773459718365407
0.693693693693693714		0.291010278100769237		0.124853856349050829		0.507312498775576270
0.694694694694694692		0.288792371399425818		0.123148967266032444		0.504465094523997459
0.695695695695695671		0.286584673830882597		0.121603264251307366		0.501287400571373443
0.696696696696696649		0.284387175163903216		0.120264972761293581		0.498593172566646314
0.697697697697697738		0.282199864993696425		0.118796807305060745		0.495852510845822658
0.698698698698698717		0.280022732743021363		0.117502783739690114		0.493330451923445712
0.699699699699699695		0.277855767663261033		0.116243516652961995		0.490616806896435331
0.700700700700700674		0.275698958835530361		0.114770794703990764		0.487914246775635607
0.701701701701701652		0.273552295171754833		0.113215382189572514		0.485316022227106791
0.702702702702702742		0.271415765415762344		0.111824708165147488		0.483027204593605985
0.703703703703703720		0.269289358144363444		0.110592102975023518		0.480746960216599739
0.704704704704704699		0.267173061768450626		0.109082242668244442		0.477703963696971379
0.705705705705705677		0.265066864534069468		0.107802535702000407		0.475598296990202118
0.706706706706706655		0.262970754523503158		0.106465215277614642		0.473259770090238396
0.707707707707707745		0.260884719656358233		0.105018346342221985		0.470824724130179784
0.708708708708708723		0.258808747690651431		0.103549101836139676		0.468029850508426937
0.709709709709709702		0.256742826223864240		0.102255559455450465		0.465632194731438354
0.710710710710710680		0.254686942694055729		0.100775733006383844		0.462888818209438335
0.711711711711711659		0.252641084380905878		0.099444027702290924		0.460321755298216784
0.712712712712712748		0.250605238406807262		0.098251919888673794		0.457617051020715926
0.713713713713713727		0.248579391737935196		0.096849078581210293		0.454913090633393857
0.714714714714714705		0.246563531185322371		0.095619042784388417		0.452387760491751445
0.715715715715715683		0.244557643405922148		0.094459757986658219		0.450163526878507469
0.716716716716716662		0.242561714903681613		0.093265548060312453		0.447406757126948218
0.717717717717717751		0.240575732030607697		0.091983992026909531		0.444995005407443356
0.718718718718718730		0.238599680987834517		0.090646312036743656		0.442491433846945503
0.719719719719719708		0.236633547826688245		0.089509728979363420		0.439717614816729496
0.720720720720720687		0.234677318449742406		0.088334730704520095		0.437135587122507108
0.721721721721721665		0.232730978611887573		0.087169404471860348		0.434729620702676955
0.722722722722722755		0.230794513921384725		0.085954851616835401		0.431806477923162346
0.723723723723723733		0.228867909840927142		0.084778420145516953		0.429318347595732508
0.724724724724724711		0.226951151688692482		0.083645212422247484		0.426836447531956875
0.725725725725725690		0.225044224639398049		0.082576580254850443		0.423782417348875173
0.726726726726726668		0.223147113725357449		0.081445749412698359		0.420809684285608832
0.727727727727727758		0.221259803837518948		0.080494034361385552		0.418484763394560533
0.728728728728728736		0.219382279726532542		0.079506179964902127		0.416125414217866252
0.729729729729729715		0.217514526003783237		0.078286763191011882		0.413720096001895021
0.730730730730730693		0.215656527142438881		0.077193611541086032		0.410877978239876485
0.731731731731731672		0.213808267478496683		0.076051893593023029		0.408627656016368412
0.732732732732732761		0.211969731211828133		0.074928319879647320		0.406219896392843338
0.733733733733733740		0.210140902407207397		0.073870663480581175		0.404009243162297416
0.734734734734734718		0.208321764995357567		0.072917750333707218		0.401270649079379926
0.735735735735735696		0.206512302773991213		0.071825000610819256		0.399191435359054492
0.736736736736736786		0.204712499408833959		0.070739806392602592		0.396771951391852506
0.737737737737737764		0.202922338434658789		0.069754483695029346		0.394537746267787703
0.738738738738738743		0.201141803256324053		0.068699753070111433		0.392350385991981188
0.739739739739739721		0.199370877149793374		0.067631865500883404		0.389862558709972107
0.740740740740740700		0.197609543263169374		0.066584115395659185		0.386817883055230516
0.741741741741741789		0.195857784617704728		0.065702798374032173		0.384163552210779247
0.742742742742742768		0.194115584108844857		0.064856006254623719		0.381468148465023360
0.743743743743743746		0.192382924507227854		0.064015757386621241		0.378830968704116533
0.744744744744744724		0.190659788459712959		0.063136700438785068		0.376727790482865865
0.745745745745745703		0.188946158490399335		0.062198211564445001		0.374593221938579080
0.746746746746746792		0.187242017001629901		0.061290658401317005		0.372480347441895676
0.747747747747747771		0.185547346275014235		0.060375957373530242		0.370198133258129281
0.748748748748748749		0.183862128472429137		0.059442117750221242		0.368177207622882308
0.749749749749749728		0.182186345637030123		0.058518699217084497		0.365786176886229664
0.750750750750750706		0.180519979694262284		0.057708322905428697		0.363162505562926174
0.751751751751751796		0.178863012452850328		0.056806398598566538		0.361001622204977002
0.752752752752752774		0.177215425605811133		0.055843121971179632		0.358413562831070731
0.753753753753753752		0.175577200731448752		0.054923142426873621		0.356195496365922848
0.754754754754754731		0.173948319294353726		0.054049968354979903		0.353784664059494380
0.755755755755755709		0.172328762646388939		0.053189198868571985		0.351317841593740854
0.756756756756756799		0.170718512027690339		0.052278719278613599		0.349144949668160121
0.757757757757757777		0.169117548567656817		0.051467432562278800		0.346874996182319151
0.758758758758758756		0.167525853285929588		0.050660357553873242		0.344865315905453496
0.759759759759759734		0.165943407093387230		0.049837091061077268		0.342402410047343730
0.760760760760760713		0.164370190793122345		0.049079766876971402		0.339870174868750097
0.761761761761761802		0.162806185081423721		0.048367345427034629		0.337773897044087057
0.762762762762762780		0.161251370548755879		0.047619244552421322		0.335678515646038844
0.763763763763763759		0.159705727680732990		0.046839492770497072		0.333593930853505916
0.764764764764764737		0.158169236859095425		0.046073269742816191		0.331503969689848133
0.765765765765765716		0.156641878362675735		0.045318184728407061		0.329386134653543050
0.766766766766766805		0.155123632368372649		0.044573349727025049		0.327313617674547752
0.767767767767767784		0.153614478952118022		0.043836154286887426		0.325245026296453799
0.768768768768768762		0.152114398089831793		0.042987516135555716		0.323180373778109320
0.769769769769769741		0.150623369658396677		0.042407316862961258		0.320452249733377437
0.770770770770770719		0.149141373436607355		0.041688048058243984		0.318091957787379309
0.771771771771771808		0.147668389106129172		0.040987506735535043		0.315947991042574927
0.772772772772772787		0.146204396252455182		0.040261891071152890		0.313935173014334434
0.773773773773773765		0.144749374365856248		0.039545870981701967		0.311842010934237412
0.774774774774774744		0.143303302842329616		0.038923706782270355		0.309465659840460428
0.775775775775775722		0.141866160984545853		0.038260829268955375		0.307403282713957060
0.776776776776776812		0.140437928002793977		0.037604361877354359		0.304869500815411421
0.777777777777777790		0.139018583015920544		0.036956084863284590		0.302610762086693741
0.778778778778778769		0.137608105052273694		0.036312330649036891		0.300610480915867340
0.779779779779779747		0.136206473050634574		0.035695840856164923		0.298614206466856491
0.780780780780780725		0.134813665861154924		0.035069277608457836		0.296621952123043042
0.781781781781781815		0.133429662246287661		0.034358481779049203		0.294633731337415050
0.782782782782782793		0.132054440881714197		0.033813589484215992		0.292097136358931475
0.783783783783783772		0.130687980357273248		0.033209946767839303		0.289493939593249927
0.784784784784784750		0.129330259177883156		0.032451049558472667		0.286999401973676238
0.785785785785785729		0.127981255764463675		0.031820419085432955		0.284863141516988660
0.786786786786786818		0.126640948454855379		0.031262670657946426		0.282741281477637330
0.787787787787787797		0.125309315504734925		0.030752186633586392		0.280672410768723068
0.788788788788788775		0.123986335088527772		0.030121045695252809		0.278665606511105779
0.789789789789789753		0.122671985300319489		0.029619890635188079		0.276765933701581257
0.790790790790790732		0.121366244154767350		0.029088860474334864		0.274876746117760695
0.791791791791791821		0.120069089587998931		0.028513728044497727		0.272956187863048205
0.792792792792792800		0.118780499458521802		0.027879083361464239		0.270589739552410946
0.793793793793793778		0.117500451548120957		0.027360157301825908		0.268365674337274818
0.794794794794794757		0.116228923562757200		0.026848287188513478		0.266332467513668680
0.795795795795795735		0.114965893133459535		0.026342224765515003		0.264304427949877130
0.796796796796796825		0.113711337817223535		0.025836521387484768		0.262281573976674620
0.797797797797797803		0.112465235097898228		0.025306239541995616		0.260263924002796243
0.798798798798798781		0.111227562387067880		0.024823303565707538		0.258251496516021362
0.799799799799799760		0.109998297024948039		0.024346544278527119		0.256244310084276505
0.800800800800800738		0.108777416281256131		0.023856920278948136		0.253807735400529588
0.801801801801801828		0.107564897356096714		0.023374581903961859		0.251908721799772861
0.802802802802802806		0.106360717380840242		0.022889555878393360		0.249837105698798301
0.803803803803803785		0.105164853418989998		0.022377643642473882		0.247886502130883285
0.804804804804804763		0.103977282467060131		0.021961112762813054		0.245956832447744189
0.805805805805805853		0.102797981455439960		0.021516733750693677		0.243895767048871698
0.806806806806806831		0.101626927249262117		0.021069811898608366		0.241840907155229712
0.807807807807807809		0.100464096649266837		0.020629772306248326		0.239500798040375634
0.808808808808808788		0.099309466392659904		0.020220681139684560		0.237455040701396697
0.809809809809809766		0.098163013153976117		0.019804444823888091		0.235518713460880214
0.810810810810810856		0.097024713545925345		0.019417059464707405		0.233587733763980149
0.811811811811811834		0.095894544120257663		0.019030353783004050		0.231660474296731034
0.812812812812812813		0.094772481368605083		0.018616847019365106		0.229647416658312786
0.813813813813813791		0.093658501723331830		0.018210675564263569		0.227642254198767185
0.814814814814814770		0.092552581558379837		0.017809054008352393		0.225642598929892274
0.815815815815815859		0.091454697190110734		0.017409205072935325		0.223630124933290486
0.816816816816816837		0.090364824878147315		0.017027544843745808		0.221676269914165031
0.817817817817817816		0.089282940826209412		0.016646475240092877		0.219767893164057704
0.818818818818818794		0.088209021182948766		0.016258639429378184		0.217830222328935424
0.819819819819819773		0.087143042042783753		0.015862439220846816		0.215773048087564479
0.820820820820820862		0.086084979446725537		0.015539405755408893		0.213724020313555502
0.821821821821821841		0.085034809383207496		0.015178207950525647		0.211778037764488419
0.822822822822822819		0.083992507788911916		0.014822231799817585		0.209828549596487612
0.823823823823823798		0.082958050549588297		0.014471414132416472		0.207890696015334137
0.824824824824824776		0.081931413500875974		0.014141145078689219		0.205959378757661571
0.825825825825825866		0.080912572429119978		0.013818393648738861		0.204034621396530252
0.826826826826826844		0.079901503072188962		0.013495206008803575		0.202270261698017151
0.827827827827827822		0.078898181120283864		0.013178467911043022		0.200561454715982024
0.828828828828828801		0.077902582216749949		0.012881942547054003		0.198853317711343153
0.829829829829829779		0.076914681958885331		0.012571961753758125		0.197145364279654733
0.830830830830830869		0.075934455898745076		0.012259291938344970		0.195390997167221109
0.831831831831831847		0.074961879543946369		0.011963467519219374		0.193647202299346843
0.832832832832832826		0.073996928358466454		0.011674389743406286		0.191733098494153237
0.833833833833833804		0.073039577763442873		0.011369210740449481		0.189826076316262166
0.834834834834834782		0.072089803137971753		0.011100784847393286		0.187926161590190210
0.835835835835835872		0.071147579819898277		0.010814510969425931		0.185873523555891679
0.836836836836836850		0.070212883106610391		0.010539435757038161		0.183776653571047749
0.837837837837837829		0.069285688255829397		0.010268658417676591		0.181869807179175669
0.838838838838838807		0.068365970486397948		0.010012517494082275		0.180198603307370836
0.839839839839839786		0.067453704979063320		0.009760309721364531		0.178456876363974976
0.840840840840840875		0.066548866877262108		0.009522008537029059		0.176676712163490512
0.841841841841841854		0.065651431287906320		0.009287773778951831		0.174827940735112958
0.842842842842842832		0.064761373282153978		0.009057811807384733		0.172982325689522543
0.843843843843843811		0.063878667896197408		0.008822082305031904		0.171151080859012039
0.844844844844844789		0.063003290132031625		0.008566851906067060		0.169323685896477366
0.845845845845845878		0.062135214958230781		0.008318442005193645		0.167503690058430355
0.846846846846846857		0.061274417310723979		0.008095906593485898		0.165664346268668494
0.847847847847847835		0.060420872093561104		0.007879348204358977		0.163886004915967692
0.848848848848848814		0.059574554179684810		0.007682480772522261		0.162088370525010295
0.849849849849849792		0.058735438411698121		0.007468279476675614		0.160378505480993111
0.850850850850850882		0.057903499602631220		0.007248070320917624		0.158602785518159733
0.851851851851851860		0.057078712536704906		0.007048095702724351		0.157021133120707757
0.852852852852852839		0.056261051970093595		0.006857941687843612		0.155390609570244281
0.853853853853853817		0.055450492631689566		0.006657387101848177		0.153736525277462593
0.854854854854854795		0.054647009223862474		0.006463208747927097		0.152068806440286947
0.855855855855855885		0.053850576423220262		0.006282775414704866		0.150452310563144731
0.856856856856856863		0.053061168881366236		0.006082099261062563		0.148621568394360776
0.857857857857857842		0.052278761225660185		0.005882294381746969		0.146867375360064084
0.858858858858858820		0.051503328059971647		0.005712267094707219		0.145201437234696584
0.859859859859859799		0.050734843965438668		0.005554162982295109		0.143564660172994629
0.860860860860860888		0.049973283501223049		0.005386934245144489		0.141992866065330542
0.861861861861861867		0.049218621205267252		0.005240313416149276		0.140427666164132547
0.862862862862862845		0.048470831595044887		0.005083688056809182		0.138870004202839653
0.863863863863863823		0.047729889168318836		0.004947870871100012		0.137318240861987240
0.864864864864864913		0.046995768403895695		0.004793957982525901		0.135772400254051989
0.865865865865865891		0.046268443762378444		0.004646594275511401		0.134232506718581585
0.866866866866866870		0.045547889686921444		0.004497319074998614		0.132698584826410504
0.867867867867867848		0.044834080603985658		0.004361954442384309		0.131170659383986116
0.868868868868868827		0.044126990924093397		0.004225162486016619		0.129566309683754849
0.869869869869869916		0.043426595042584434		0.004091621361971439		0.127822588978518503
0.870870870870870895		0.042732867340372460		0.003968238399187670		0.126088545368995497
0.871871871871871873		0.042045782184701605		0.003852605559135287		0.124368779523682041
0.872872872872872851		0.041365313929907298		0.003729554314717421		0.122862830770555473
0.873873873873873830		0.040691436918172889		0.003606438178648514		0.121384767751135353
0.874874874874874919		0.040024125480294180		0.003487098218875265		0.119909288675242531
0.875875875875875898		0.039363353936440207		0.003370760064371607		0.118438887334945869
0.876876876876876876		0.038709096596919984		0.003257417923032384		0.116974692109180087
0.877877877877877855		0.038061327762948773		0.003152710600757467		0.115516730124064396
0.878878878878878833		0.037420021727418609		0.003046951595522910		0.114045449407456076
0.879879879879879923		0.036785152775670495		0.002947655980336957		0.112554282124389421
0.880880880880880901		0.036156695186270064		0.002843911526497260		0.110866850014798513
0.881881881881881879		0.035534623231785786		0.002743099186474919		0.109220121234235107
0.882882882882882858		0.034918911179572715		0.002656189023242761		0.107504683515697932
0.883883883883883836		0.034309533292558397		0.002565638110019978		0.106118234564254052
0.884884884884884926		0.033706463830032354		0.002467968551740436		0.104774764329529119
0.885885885885885904		0.033109677048444273		0.002380066097287364		0.103436774846849197
0.886886886886886883		0.032519147202201518		0.002283245384426302		0.102018275257693081
0.887887887887887861		0.031934848544476459		0.002207654896710751		0.100441403738206300
0.888888888888888840		0.031356755328018703		0.002134456962769259		0.098873164221057547
0.889889889889889929		0.030784841805972081		0.002063260894411995		0.097481124176796330
0.890890890890890907		0.030219082232700704		0.001992461253061008		0.095978217139613839
0.891891891891891886		0.029659450864620279		0.001915387976404099		0.094617630905379307
0.892892892892892864		0.029105921961038905		0.001840987403703758		0.093148948715323157
0.893893893893893843		0.028558469785004939		0.001768905475067591		0.091706776122220182
0.894894894894894932		0.028017068604165512		0.001704086894673108		0.090336271775512442
0.895895895895895911		0.027481692691633208		0.001635986824783026		0.088984668480151588
0.896896896896896889		0.026952316326863148		0.001567962549295431		0.087607046601438407
0.897897897897897868		0.026428913796542490		0.001502175233863324		0.086315666854809070
0.898898898898898846		0.025911459395490003		0.001438509482404426		0.085065929737185367
0.899899899899899935		0.025399927427569430		0.001376851462688414		0.083822107690782535
0.900900900900900914		0.024894292206615588		0.001317235089692388		0.082584231835172148
0.901901901901901892		0.024394528057375117		0.001259613550730633		0.081347971088130883
0.902902902902902871		0.023900609316462696		0.001203940591162620		0.080122650159587014
0.903903903903903849		0.023412510333332904		0.001150170515520767		0.078903362048874867
0.904904904904904939		0.022930205471269439		0.001098258188580734		0.077647688652411867
0.905905905905905917		0.022453669108394272		0.001051586243727950		0.076256661318692742
0.906906906906906896		0.021982875638695002		0.001008679433740480		0.074874320707953579
0.907907907907907874		0.021517799473073130		0.000963395231018649		0.073609877466662130
0.908908908908908852		0.021058415040415730		0.000913154503705801		0.072393360208176799
0.909909909909909942		0.020604696788690490		0.000873632488907885		0.071188482265241868
0.910910910910910920		0.020156619186066798		0.000835401150610543		0.069990469044556233
0.911911911911911899		0.019714156722062653		0.000798351484898458		0.068771146081875956
0.912912912912912877		0.019277283908721545		0.000762588383282264		0.067523733200997763
0.913913913913913856		0.018845975281819652		0.000728082399658683		0.066284737124071347
0.914914914914914945		0.018420205402106721		0.000694755585600189		0.065051463292833789
0.915915915915915924		0.017999948856580524		0.000661069867424893		0.063813093101615065
0.916916916916916902		0.017585180259800146		0.000624219769627916		0.062652015322697943
0.917917917917917880		0.017175874255238359		0.000592501371524898		0.061462690641921364
0.918918918918918859		0.016772005516676781		0.000565555393835727		0.060275239572666263
0.919919919919919948		0.016373548749646957		0.000537286156697054		0.059095639311317109
0.920920920920920927		0.015980478692918815		0.000508636619099379		0.057921544229963921
0.921921921921921905		0.015592770120042810		0.000482651791095282		0.056756085644995166
0.922922922922922884		0.015210397840945791		0.000454852917810769		0.055560422512540321
0.923923923923923862		0.014833336703587585		0.000429651218799729		0.054447607379034195
0.924924924924924952		0.014461561595680201		0.000405463691081820		0.053282365528621048
0.925925925925925930		0.014095047446475609		0.000382392178648195		0.052126719100276338
0.926926926926926908		0.013733769228626387		0.000360059676096088		0.050970646654022407
0.927927927927927887		0.013377701960123580		0.000338842857771948		0.049784938051552978
0.928928928928928865		0.013026820706319470		0.000319672498050679		0.048717924498724086
0.929929929929929955		0.012681100582039619		0.000300389141133737		0.047649525681748371
0.930930930930930933		0.012340516753791267		0.000282358173613245		0.046547579689174730
0.931931931931931912		0.012005044442075893		0.000265864551330255		0.045509734981919445
0.932932932932932890		0.011674658923812354		0.000250108149450866		0.044435320736054676
0.933933933933933980		0.011349335534881638		0.000234030633729805		0.043347570878635264
0.934934934934934958		0.011029049672798925		0.000219190272987294		0.042298097490154583
0.935935935935935936		0.010713776799526393		0.000205695230481731		0.041257269181163632
0.936936936936936915		0.010403492444435511		0.000192122566035497		0.040226123672316746
0.937937937937937893		0.010098172207432166		0.000178701582743595		0.039204451589479550
0.938938938938938983		0.009797791762256366		0.000166718842100552		0.038192483343143097
0.939939939939939961		0.009502326859972866		0.000154120209798342		0.037222376001731200
0.940940940940940940		0.009211753332665641		0.000143415734985110		0.036287479744032743
0.941941941941941918		0.008926047097356976		0.000133227689703047		0.035361978753081592
0.942942942942942897		0.008645184160166580		0.000124084834712288		0.034393232963050621
0.943943943943943986		0.008369140620734253		0.000115425956607821		0.033421153224083580
0.944944944944944965		0.008097892676928658		0.000107239016462916		0.032458979461249274
0.945945945945945943		0.007831416629865777		0.000099493155657817		0.031492712745908959
0.946946946946946921		0.007569688889268430		0.000092148070006880		0.030585880802152309
0.947947947947947900		0.007312685979195609		0.000085257817159771		0.029700446650527068
0.948948948948948989		0.007060384544176566		0.000078752243294270		0.028798772613314979
0.949949949949949968		0.006812761355789944		0.000071912957645340		0.027901735832054540
0.950950950950950946		0.006569793319728756		0.000065987207117566		0.027013656734642441
0.951951951951951925		0.006331457483400324		0.000060022309151690		0.026136297159490642
0.952952952952952903		0.006097731044115399		0.000054566840748556		0.025261825422634179
0.953953953953953993		0.005868591357924662		0.000049331418631632		0.024389438637059627
0.954954954954954971		0.005644015949172767		0.000044683197294966		0.023513508811940354
0.955955955955955949		0.005423982520844278		0.000040679306198291		0.022649032329143358
0.956956956956956928		0.005208468965787843		0.000036977242777772		0.021809308414110221
0.957957957957957906		0.004997453378916395		0.000033604082004361		0.020996406138968492
0.958958958958958996		0.004790914070494254		0.000030460688298105		0.020195200107272420
0.959959959959959974		0.004588829580635279		0.000027379594719241		0.019358265248750197
0.960960960960960953		0.004391178695157006		0.000024645199971801		0.018578721808925221
0.961961961961961931		0.004197940462954642		0.000022122908503253		0.017816065116360868
0.962962962962962910		0.004009094215083104		0.000019752041363119		0.017079904558323672
0.963963963963963999		0.003824619585765114		0.000017549192875018		0.016362820386354750
0.964964964964964977		0.003644496535576160		0.000015589896611631		0.015612486675276295
0.965965965965965956		0.003468705377097827		0.000013810555082401		0.014893401113458762
0.966966966966966934		0.003297226803379774		0.000012132345761308		0.014158353693951652
0.967967967967967913		0.003130041919607435		0.000010672949225206		0.013466875412553647
0.968968968968969002		0.002967132278442147		0.000009333835079226		0.012788722834322438
0.969969969969969981		0.002808479919585412		0.000008076036432656		0.012132630992319071
0.970970970970970959		0.002654067414220096		0.000006932616844505		0.011506139151963192
0.971971971971971938		0.002503877915108700		0.000005982758261637		0.010890024894138787
0.972972972972972916		0.002357895213282174		0.000005135045875451		0.010280675891721791
0.973973973973974005		0.002216103802445952		0.000004337540514094		0.009691166084206160
0.974974974974974984		0.002078488952470449		0.000003676781313702		0.009100895399915645
0.975975975975975962		0.001945036793635150		0.000003100291193872		0.008524334702362819
0.976976976976976941		0.001815734413682261		0.000002600907247886		0.007962028824679159
0.977977977977977919		0.001690569970227310		0.000002165492105183		0.007426291453096982
0.978978978978979009		0.001569532821714865		0.000001778343150346		0.006908564622022175
0.979979979979979987		0.001452613680941920		0.000001436571124687		0.006403378100762877
0.980980980980980966		0.001339804796277088		0.000001155814965112		0.005896890692854487
0.981981981981981944		0.001231100167184866		0.000000912994313325		0.005393989455822227
0.982982982982982922		0.001126495802673062		0.000000717555597021		0.004907567494598641
0.983983983983984012		0.001025990034051355		0.000000552194686634		0.004440167054981355
0.984984984984984990		0.000929583897267166		0.000000421599127280		0.003991741378804055
0.985985985985985969		0.000837281605618160		0.000000306054974704		0.003562259732077750
0.986986986986986947		0.000749091141695256		0.000000219584927979		0.003152203422539512
0.987987987987987926		0.000665025009408764		0.000000153296248878		0.002772559144483863
0.988988988988989015		0.000585101205293909		0.000000105388470386		0.002412067396105922
0.989989989989989994		0.000509344497185345		0.000000070246357671		0.002058071424822569
0.990990990990990972		0.000437788145449509		0.000000043939025767		0.001744082434059105
0.991991991991991950		0.000370476281898758		0.000000026531173784		0.001450414535485790
0.992992992992993040		0.000307467303809938		0.000000014864078893		0.001171916624848551
0.993993993993994018		0.000248838908850280		0.000000007588542555		0.000916529681980567
0.994994994994994997		0.000194695940314893		0.000000003368419106		0.000687310863625024
0.995995995995995975		0.000145183417631060		0.000000001290529474		0.000483510000823175
0.996996996996996954		0.000100510140428724		0.000000000373822372		0.000304402512543194
0.997997997997998043		0.000060997148093207		0.000000000064164405		0.000159140964555357
0.998998998998999022		0.000027198829252857		0.000000000003038238		0.000052004981333532
1.000000000000000000		0.000000000000000000		0.000000000000000000		0.000000000000000000
