#spin_tilt		 ppd_mean		 ppd_lower		 ppd_upper
3.141592653589793116		0.359035775661355361		0.193251877465698774		0.484713860552265008
3.078304892358119993		0.359265264654955785		0.193725596062146871		0.484753769177676597
3.052075293612114937		0.359495048084437940		0.194200236719131503		0.484793664888701015
3.031938399942102791		0.359725126026425090		0.194675799349352363		0.484833547622529171
3.014953647569321937		0.359955498555832420		0.195152283857073783		0.484873417316335098
2.999982238845226412		0.360186165745869591		0.195629690138100609		0.484913273907275788
2.986440229092706122		0.360417127668028914		0.196106979172765206		0.484953117332491412
2.973980786539390575		0.360648384392083465		0.196580490202556774		0.484992947529105711
2.962377968470369272		0.360879935986055334		0.197055356208569149		0.485032764434225439
2.951474860236434683		0.361111782516239765		0.197535641814607366		0.485072567984941638
2.941157231790219484		0.361343924047172804		0.198016850248462301		0.485112358118328812
2.931338862576024606		0.361576360641635730		0.198498981364524513		0.485152134771445753
2.921952778526152983		0.361809092360641849		0.198930652814073350		0.485191897881335099
2.912945727155792142		0.362042119263422668		0.199157884575645594		0.485230343967383126
2.904274538383206483		0.362275441407430787		0.199340661559725740		0.485269333234576716
2.895903639463607071		0.362509058848319077		0.199634570464224642		0.485308929076062268
2.887803305936227360		0.362742971639952172		0.200113861848831759		0.485348614304461023
2.879948398501625650		0.362977179834366503		0.200594095948910645		0.485388311864649480
2.872317430363293678		0.363211683481792891		0.201075272660399096		0.485427995517412947
2.864891865137764615		0.363446482630627288		0.201557391870332281		0.485467665199648291
2.857655579276300095		0.363681577327436500		0.202040453456817787		0.485508229527108648
2.850594444205515998		0.363916967616934817		0.202465876094072850		0.485551171135844450
2.843695997131150399		0.364152653541991334		0.202908197213733626		0.485594080546593476
2.836949178543059169		0.364388635143604256		0.203104176798134944		0.485636957726705398
2.830344120612675152		0.364624912460907447		0.203603988997969110		0.485679802643547931
2.823871974919994976		0.364861485531156937		0.204036811237410409		0.485722615264506552
2.817524770929211719		0.365098354389717661		0.204381895465003904		0.485765395556984891
2.811295298760539296		0.365335519070056736		0.204728113436705272		0.485808143488404731
2.805177011347324445		0.365572979603736692		0.205119984664454247		0.485850859026205562
2.799163942199181854		0.365810736020414362		0.205642488499686110		0.485893542137845413
2.793250635832901008		0.366048788347806020		0.205997491844910091		0.485936192790800137
2.787432088565048538		0.366287136611710473		0.206403915199972282		0.485978810952564011
2.781703697840483880		0.366525780835984971		0.206880366921987718		0.486021367021217454
2.776061218639397588		0.366764721042535380		0.207357803528932072		0.486063104790753875
2.770500725790736141		0.367003957251303359		0.207832055348678824		0.486104814659953199
2.765018581242546070		0.367243489480274465		0.208148125476678186		0.486146496586961296
2.759611405515038918		0.367483317745448013		0.208602546928159355		0.486188150529940244
2.754276052701139843		0.367723442060850558		0.208900969265720271		0.486229776447068274
2.749009588490227252		0.367963862438499767		0.209387731503480695		0.486271374296540604
2.743809270779963949		0.368204578888426004		0.209875471774105538		0.486312944036568384
2.738672532513215518		0.368445591418639251		0.210364189962994635		0.486354485625380140
2.733596966435750453		0.368686900035131104		0.210853885945879532		0.486395999021220549
2.728580311518391088		0.368928504741862340		0.211332863569304807		0.486437484182351165
2.723620440826750588		0.369170405540761470		0.211758803493037912		0.486478941067050474
2.718715350654329566		0.369412602431703652		0.212154576224242247		0.486519873138907044
2.713863150761797183		0.369655095412506740		0.212577898510989488		0.486552131973551516
2.709062055587910578		0.369897884478929628		0.212979366875395176		0.486594361644819506
2.704310376316419351		0.370140969624645155		0.213362888370238063		0.486636558020100751
2.699606513699248200		0.370384350841255761		0.213747562375161237		0.486678721067671127
2.694948951549670735		0.370628028118266450		0.214175359241091046		0.486720850755825274
2.690336250830604126		0.370872001443077581		0.214648411668644346		0.486762947052877204
2.685767044272828752		0.371116270800983250		0.215122497893427439		0.486805009927159860
2.681240031466225027		0.371360836175152920		0.215596275293855000		0.486847039347024835
2.676753974374188161		0.371605697546627922		0.216001715636017527		0.486889035280843430
2.672307693227490955		0.371850854894315241		0.216400675545035115		0.486930997697005652
2.667900062759083202		0.372096308194970304		0.216897111950250632		0.486972926563920827
2.663530008745872202		0.372342057423191430		0.217295111482483122		0.487014850865238214
2.659196504827439966		0.372588102551417277		0.217722995439425110		0.487056756971544769
2.654898569575071754		0.372834443549900696		0.218161642396085986		0.487098629171232755
2.650635263787444629		0.373081080386721831		0.218601400851086008		0.487140467433338720
2.646405687991918221		0.373328013027757533		0.219068866156975933		0.487182271726918970
2.642208980132647156		0.373575241436686190		0.219571505901275443		0.487224042021049131
2.638044313428725030		0.373822765574976290		0.220073729196650414		0.487265778284824258
2.633910894387319956		0.374070585401868716		0.220569637452552453		0.487307480487359224
2.629807960958326696		0.374318700874379073		0.220857430714730102		0.487349148597788440
2.625734780818396175		0.374567111947281706		0.221142857229781636		0.487390296866180350
2.621690649773440907		0.374815818573091541		0.221435666360640576		0.487427394313809381
2.617674890269765520		0.375064820702085355		0.221836961758363566		0.487464482935417776
2.613686850004934836		0.375314118282253417		0.222304204940654393		0.487501713511458878
2.609725900630334827		0.375563711259313815		0.222634472098755670		0.487538964265564034
2.605791436538137162		0.375813599576698132		0.223204076721606803		0.487576204967110960
2.601882873726054868		0.376063783175541511		0.223624684847623961		0.487613435543907625
2.597999648733881894		0.376314261994675103		0.224120369358763172		0.487650655923728082
2.594141217646340536		0.376565035970607420		0.224652876574633453		0.487687866034312578
2.590307055157262450		0.376816105037531657		0.225126266871781722		0.487724906337574593
2.586496653690550040		0.377067469127297883		0.225544562690444428		0.487761606011525461
2.582709522573767735		0.377319128169422868		0.226046714719047276		0.487798297659575553
2.578945187260562211		0.377571082091054333		0.226541917409288612		0.487834981207377172
2.575203188598433002		0.377823330816990766		0.226990849670166833		0.487867902645943263
2.571483082138665832		0.378075874269654388		0.227360690241972196		0.487898683047727488
2.567784437485491011		0.378328712369079501		0.227724859462508755		0.487929482926453106
2.564106837681789486		0.378581845032918640		0.228092154048615159		0.487960302200389773
2.560449878628858755		0.378835272176412496		0.228459752250603998		0.487991140787557731
2.556813168537966696		0.379088993712400790		0.228994488470513652		0.488021998605728091
2.553196327411588307		0.379343009551298294		0.229558536465004209		0.488052875572423217
2.549598986552381596		0.379597319601087224		0.229856195832158272		0.488083771604916339
2.546020788098123155		0.379851923767311583		0.230255685363437435		0.488119630851598540
2.542461384580935402		0.380106821953070662		0.230796262383041989		0.488160562385472951
2.538920438509273847		0.380362014059000941		0.231232912091904746		0.488201461267425696
2.535397621971266169		0.380617499983267271		0.231670157946299970		0.488242327460943204
2.531892616258066386		0.380873279621555982		0.232209495477903732		0.488283160929533333
2.528405111506023761		0.381129352867075000		0.232756579295268690		0.488323961636724868
2.524934806356516681		0.381385719610525808		0.233228367157597510		0.488364729546068133
2.521481407632403915		0.381642379740100957		0.233678445530489914		0.488405464621134822
2.518044630030111364		0.381899333141483055		0.234140092879631362		0.488446166825517891
2.514624195826439035		0.382156579697821686		0.234711459692868774		0.488481541294953747
2.511219834599240919		0.382414119289729848		0.235281263569651400		0.488505051915427091
2.507831282961179742		0.382671951795276188		0.235771353708618903		0.488527827480221666
2.504458284305822513		0.382930077089971677		0.236171836600700069		0.488549570951253120
2.501100588565376981		0.383188495046761501		0.236761105172424074		0.488572467698662638
2.497757951979432178		0.383447205536013414		0.237351240846810224		0.488600841719572410
2.494430136874092874		0.383706208425510786		0.237930067762018860		0.488640997717554371
2.491116911450943938		0.383965503580447398		0.238414656112013706		0.488680439335623662
2.487818049585317493		0.384225090863395513		0.238710843600665329		0.488720507476064103
2.484533330633364123		0.384484970134326365		0.239114197030052988		0.488760674013946184
2.481262539247462762		0.384745141250577849		0.239529326606641696		0.488800810261063701
2.478005465199539792		0.385005604066861129		0.240039592054661854		0.488840916173873319
2.474761903211874614		0.385266358435230216		0.240612692144374724		0.488880991708852741
2.471531652795022183		0.385527404205094348		0.241186721674142679		0.488921036822501098
2.468314518092478593		0.385788741223192733		0.241761679704788707		0.488961051471338615
2.465110307731756656		0.386050369333590992		0.242324348896493708		0.489001035611906831
2.461918834681549484		0.386312288377670510		0.242821467637207217		0.489039668804082839
2.458739916114678348		0.386574498194116378		0.243323010884024832		0.489077694200509616
2.455573373276548566		0.386836998618911521		0.243825679545095875		0.489115700231140538
2.452419031358833212		0.387099789485319368		0.244329473610225473		0.489133056607186978
2.449276719378145728		0.387362870623884581		0.244834393056325428		0.489152482626251384
2.446146270059455397		0.387626241862412513		0.245340437847370918		0.489193374455067054
2.443027519724021879		0.387889903025967320		0.245835142989121680		0.489234229661202835
2.439920308181638298		0.388153853936856308		0.246219152233662530		0.489275048214113939
2.436824478626983037		0.388418094414619441		0.246592529059612098		0.489315830083278280
2.433739877539886631		0.388682624276029731		0.246967229537001953		0.489356575238195812
2.430666354589337885		0.388947443335063314		0.247343255874437395		0.489397283648388859
2.427603762541060028		0.389212551402918161		0.247734172053613505		0.489437955283402171
2.424551957168491256		0.389477948287968001		0.248321509899232212		0.489478468860595040
2.421510797167024442		0.389743633795785971		0.248925915895712835		0.489518937589444092
2.418480144071353699		0.390009607729114638		0.249531209426818917		0.489559370236631763
2.415459862175799444		0.390275869887864280		0.250137389194885429		0.489599766770177358
2.412449818457477413		0.390542420069097118		0.250740548532202456		0.489640127158121885
2.409449882502185059		0.390809258067016663		0.251348358437517072		0.489680451368527947
2.406459926432898744		0.391076383672968542		0.251957051108407382		0.489720739369479352
2.403479824840760060		0.391343796675419076		0.252486223561907308		0.489758776863156720
2.400509454718453561		0.391611496859944619		0.253087966320325763		0.489796423206071974
2.397548695395868901		0.391879484009235390		0.253692232430914599		0.489834048949612577
2.394597428477959422		0.392147757903067495		0.254282324733569820		0.489871654028880499
2.391655537784701302		0.392416318318305313		0.254748447388491950		0.489909328716695402
2.388722909293068852		0.392685165028882621		0.255099965371662796		0.489947029426038960
2.385799431080942945		0.392954297805796271		0.255544063472330441		0.489984708435701355
2.382884993272876173		0.393223716417107683		0.256154293935560218		0.490022365682591110
2.379979487987639697		0.393493420627907542		0.256622764816274718		0.490052017297670561
2.377082809287476728		0.393763410200325625		0.257091929871376190		0.490089566156882761
2.374194853129004468		0.394033684893509761		0.257563675661510116		0.490104520639101149
2.371315517315689902		0.394304244463634435		0.258066936877415887		0.490144630930157976
2.368444701451842604		0.394575088663855988		0.258617534276485039		0.490184704236639512
2.365582306898067699		0.394846217244339714		0.259169215469012837		0.490224740526860159
2.362728236728117714		0.395117629952220606		0.259519698122103182		0.490264739769158686
2.359882395687094458		0.395389326531619678		0.259936159746308404		0.490304701931897458
2.357044690150948529		0.395661306723602613		0.260414429890123589		0.490344626983462484
2.354215028087225381		0.395933570266197576		0.260893959069165293		0.490384514892263923
2.351393319017013983		0.396206116894371907		0.261374747793641449		0.490424365626735748
2.348579473978053667		0.396478946340020788		0.261856796558829541		0.490464179155335855
2.345773405488952079		0.396752058331960089		0.262340105845011051		0.490503955446546347
2.342975027514480502		0.397025452595921091		0.262824676117406120		0.490540806164487475
2.340184255431900340		0.397299128854526007		0.263310507826107765		0.490576871930117953
2.337401005998287928		0.397573086827298194		0.263797601406016713		0.490612922420389175
2.334625197318819900		0.397847326230627241		0.264285957276776229		0.490648957559275456
2.331856748815986702		0.398121846777785948		0.264775575842706667		0.490684977270734679
2.329095581199697396		0.398396648178893531		0.265260710802113164		0.490720981478709017
2.326341616438250437		0.398671730140928104		0.265643546290510846		0.490756970107124380
2.323594777730132233		0.398947092367695655		0.266193794991544497		0.490792943079891297
2.320854989476623054		0.399222734559834813		0.266514401413818491		0.490828900320905093
2.318122177255174332		0.399498656414807807		0.267165611944582382		0.490864841754045933
2.315396267793540019		0.399774857626874314		0.267739824531790904		0.490900767303179331
2.312677188944626039		0.400051337887100900		0.268238291984145671		0.490936676892156143
2.309964869662040066		0.400328096883329987		0.268738024806831066		0.490972570444813294
2.307259239976316323		0.400605134300191401		0.269239023263347366		0.491008447884973387
2.304560230971795853		0.400882449819075393		0.269741287601226121		0.491044309136445367
2.301867774764130736		0.401160043118124310		0.270244818051966540		0.491080154123024804
2.299181804478404700		0.401437913872235375		0.270749614830970764		0.491115982768494219
2.296502254227841266		0.401716061753032039		0.271324389011708966		0.491151794996622648
2.293829059093077660		0.401994486428871090		0.271940690398639440		0.491187590731167356
2.291162155101998721		0.402273187564819612		0.272557967967868464		0.491223369895872175
2.288501479210099276		0.402552164822643388		0.273176220290706928		0.491259132414469668
2.285846969281364327		0.402831417860812391		0.273795445924647551		0.491294878210680075
2.283198564069648828		0.403110946334473363		0.274425636336890377		0.491330607208211978
2.280556203200544640		0.403390749895451595		0.275036811286602567		0.491366319330762691
2.277919827153712440		0.403670828192229936		0.275658948060342357		0.491402014502018647
2.275289377245671929		0.403951180869946247		0.276282052236597964		0.491437692645655178
2.272664795613028588		0.404231807570382851		0.276906122303489877		0.491473353685337233
2.270046025196130302		0.404512707931951487		0.277528889387657351		0.491508997544719217
2.267433009723132109		0.404793881589683546		0.277905102391275138		0.491544624147445874
2.264825693694467290		0.405075328175225013		0.278211083392602643		0.491580233417151902
2.262224022367704368		0.405357047316824148		0.278515360059586325		0.491615825277462670
2.259627941742777590		0.405639038639319272		0.279106631078829603		0.491651399651994281
2.257037398547586893		0.405921301764124665		0.279758841650063317		0.491686956464353730
2.254452340223950468		0.406203836309228739		0.280411943763243632		0.491722495638139523
2.251872714913899287		0.406486641889178435		0.281061630275896202		0.491758017096941502
2.249298471446306458		0.406769718115071455		0.281716172477713744		0.491793520764341630
2.246729559323842107		0.407053064594546932		0.282291495152298788		0.491829006563913818
2.244165928710234681		0.407336680931762229		0.282751509797038947		0.491864560154551655
2.241607530417847549		0.407620566727403710		0.283212154161671725		0.491902692417247600
2.239054315895542047		0.407904721578667140		0.283744059791938563		0.491941233858210480
2.236506237216833171		0.408189145079235982		0.284139385016430990		0.491979738173659364
2.233963247068322389		0.408473836819292224		0.284726738315468464		0.492018091330323093
2.231425298738403118		0.408758796385484513		0.285350998279037760		0.492056520119128260
2.228892346106225553		0.409044023360940701		0.285981256137695372		0.492094911684735348
2.226364343630921727		0.409329517325228931		0.286612507912895942		0.492133265991162250
2.223841246341077493		0.409615277854383952		0.287127457390305485		0.492171583002455226
2.221323009824445194		0.409901304520859711		0.287541254269215563		0.492209862682688126
2.218809590217890815		0.410187596893545725		0.288045617851522828		0.492248104995962832
2.216300944197572509		0.410474154537738833		0.288715563817601772		0.492286309906409481
2.213797028969338498		0.410760977015154849		0.289386381809183635		0.492324477378186021
2.211297802259339917		0.411048063883888593		0.290058008250896893		0.492362607375479211
2.208803222304857705		0.411335414698427548		0.290626161299018582		0.492400699862503288
2.206313247845329339		0.411623029009635433		0.291213800467652273		0.492438754803501300
2.203827838113575854		0.411910906364737650		0.291610049074109201		0.492476772162744603
2.201346952827224257		0.412199046307312966		0.291993677392124729		0.492514751904532755
2.198870552180314242		0.412487448377283350		0.292406459109189165		0.492552693993193957
2.196398596835090977		0.412776112110905424		0.292960776232087605		0.492590598393084889
2.193931047913976862		0.413065037040770022		0.293567114026422882		0.492628404087417537
2.191467866991711588		0.413354222695755669		0.294235528303190497		0.492664249357100348
2.189009016087667181		0.413643668601064773		0.294841417416015883		0.492700068991409723
2.186554457658325124		0.413933374278188326		0.295375446355354843		0.492735862926315937
2.184104154589912916		0.414223339244892852		0.296015735920819423		0.492771631097807139
2.181658070191196508		0.414513563015225184		0.296665056292227614		0.492807373441890795
2.179216168186427716		0.414804045099491758		0.297216750159496224		0.492843089894593023
2.176778412708436861		0.415094785004249289		0.297768211828739360		0.492878780391958815
2.174344768291870622		0.415385782232296497		0.298330564309913948		0.492914444870052815
2.171915199866570223		0.415677036282664836		0.298895081876129509		0.492950083264958649
2.169489672751086395		0.415968546650604010		0.299552972546566099		0.492985695512780264
2.167068152646329349		0.416260312827582857		0.300114280569578118		0.493021281549640866
2.164650605629349300		0.416552334301264204		0.300664624243290990		0.493056841311684035
2.162236998147239575		0.416844610555503259		0.301130644525574365		0.493092374735073502
2.159827297011170266		0.417137141070335726		0.301593891646042778		0.493127881755993147
2.157421469390536473		0.417429925321974704		0.302104489521068942		0.493163362310647779
2.155019482807227327		0.417722962782780649		0.302555544417358713		0.493198816335262857
2.152621305130010931		0.418016252921275921		0.303076837658633247		0.493234243766084712
2.150226904569029429		0.418309795202122026		0.303778518404775488		0.493269644539381324
2.147836249670402431		0.418603589086114336		0.304481036494546164		0.493305018591441269
2.145449309310938801		0.418897634030153232		0.304964737878629322		0.493340365858575325
2.143066052692953694		0.419191929487265746		0.305549593432210553		0.493375686277115644
2.140686449339185060		0.419486474906570761		0.306263105863131879		0.493410979783416526
2.138310469087808308		0.419781269733283169		0.306824297587214689		0.493446246313854031
2.135938082087552203		0.420076313408699498		0.307388797202260866		0.493481485804826869
2.133569258792903156		0.420371605370172985		0.307935244262641017		0.493516698192756176
2.131203969959407196		0.420667145051130120		0.308472484672692449		0.493551883414085735
2.128842186639059442		0.420962931881052271		0.309025987660503265		0.493587041405282034
2.126483880175780605		0.421258965285446929		0.309520916270535462		0.493622172102834933
2.124129022200982320		0.421555244685862252		0.310020369201912394		0.493657275443257271
2.121777584629211955		0.421851769499863194		0.310602493533074453		0.493692351363085369
2.119429539653885808		0.422148539141027401		0.311238573043116196		0.493727399798879307
2.117084859743095127		0.422445553018930053		0.311798288450827465		0.493763288360282493
2.114743517635496062		0.422742810539143754		0.312339849621756316		0.493800507584477855
2.112405486336272897		0.423040311103219047		0.312960244755205008		0.493837685819886074
2.110070739113176330		0.423338054108670092		0.313486969401970295		0.493874823036276334
2.107739249492635913		0.423636038948985161		0.314015095349801876		0.493908799219270833
2.105410991255944442		0.423934265013602540		0.314613200637050505		0.493943225686185483
2.103085938435508062		0.424232731687894493		0.315312350326198865		0.493979790139227048
2.100764065311168327		0.424531438353166701		0.316012406800148360		0.494016316338892092
2.098445346406591749		0.424830384386656879		0.316713367554276592		0.494052804247141986
2.096129756485719753		0.425129569161503962		0.317268041945222457		0.494080575355217766
2.093817270549287013		0.425428992046758159		0.317575966409091026		0.494106523068567782
2.091507863831399749		0.425728652407357744		0.318260011879196392		0.494139360958415208
2.089201511796174415		0.426028549604121509		0.318662848450855740		0.494172023132845362
2.086898190134439890		0.426328682993754871		0.319213534203425020		0.494204866735028614
2.084597874760491631		0.426629051928815006		0.319741204004320656		0.494237692299085374
2.082300541808908001		0.426929655757719240		0.320248108156742040		0.494270499741099822
2.080006167631422098		0.427230493824726165		0.320789815303457848		0.494303288977147759
2.077714728793843335		0.427531565469933206		0.321515896261720890		0.494336059923296600
2.075426202073039406		0.427832870029263790		0.322242822919743266		0.494368812495605714
2.073140564453964441		0.428134406834458803		0.322970592475288532		0.494401546610126974
2.070857793126742674		0.428436175213053438		0.323695844669030175		0.494434262182904816
2.068577865483799183		0.428738174488399293		0.324423115332854561		0.494466959129977124
2.066300759117041252		0.429040403979622065		0.325055588756383795		0.494499637367374789
2.064026451815086372		0.429342863001633934		0.325638258040819750		0.494532296811122929
2.061754921560540854		0.429645550865103476		0.326280164771981240		0.494564937377240610
2.059486146527317540		0.429948466876476032		0.326490950017225279		0.494597558981741459
2.057220105078007233		0.430251610337928359		0.327088200637615234		0.494630161540633828
2.054956775761285215		0.430554980547394661		0.327748772926787613		0.494666257405191212
2.052696137309367952		0.430858576798530513		0.328413085323636500		0.494702334027573909
2.050438168635509317		0.431162398380710521		0.329077506466104674		0.494738371773029206
2.048182848831538116		0.431466444579034769		0.329480057994503805		0.494774370601720470
2.045930157165436025		0.431770714674290790		0.330049934813193946		0.494810330473845927
2.043680073078955495		0.432075207942971051		0.330413488354954044		0.494846251349638444
2.041432576185277625		0.432379923657250198		0.330880780695964105		0.494882133189365803
2.039187646266706455		0.432684861084977002		0.331145548988511063		0.494917975953330758
2.036945263272402329		0.432990019489666089		0.331536330185683903		0.494953779601871258
2.034705407316149461		0.433295398130490061		0.332236295940053383		0.494989544095360223
2.032468058674163025		0.433600996262270388		0.332938682768578909		0.495025269394205936
2.030233197782927324		0.433906813135468195		0.333508317462587467		0.495060955458851815
2.028000805237071269		0.434212847996167439		0.333926671764832927		0.495096602249776585
2.025770861787275834		0.434519100086084409		0.334488617192687798		0.495132209727494554
2.023543348338217474		0.434825568642536298		0.335073464436263679		0.495167777852555335
2.021318245946539083		0.435132252898449479		0.335676414162849324		0.495203306585544289
2.019095535818858700		0.435439152082340575		0.335964402701639964		0.495238795887082250
2.016875199309803968		0.435746265418313683		0.336640604191612791		0.495274245717825690
2.014657217920079901		0.436053592126048883		0.337320900715521343		0.495308867267801878
2.012441573294568187		0.436361131420787585		0.337846956471380189		0.495342637130926133
2.010228247220451792		0.436668882513335743		0.338551975809292582		0.495376298566338302
2.008017221625370663		0.436976844610041382		0.339207705928998238		0.495407764217562052
2.005808478575607623		0.437285016912805413		0.339864666675679494		0.495436844271737120
2.003602000274297801		0.437593398619047169		0.340500947924833208		0.495465916442560717
2.001397769059668263		0.437901988921717111		0.341203276935007849		0.495494980628609694
1.999195767403303847		0.438210787009276626		0.341908644628381608		0.495524036728379358
1.996995977908437858		0.438519792065689862		0.342433572436362355		0.495553084640283359
1.994798383308270306		0.438829003270423790		0.343182927921534042		0.495584856050523714
1.992602966464309677		0.439138419798425383		0.343933928252621146		0.495620957358773095
1.990409710364740681		0.439448040820133889		0.344525078008915797		0.495657014335021684
1.988218598122815095		0.439757865501445300		0.345270050125485284		0.495693026951291527
1.986029612975267700		0.440067893003727395		0.346066511044786307		0.495728995179634646
1.983842738280753970		0.440378122483800760		0.346743494479137826		0.495764918992132209
1.981657957518311974		0.440688553093928292		0.347348957830433680		0.495800798360895967
1.979475254285846919		0.440999183981810261		0.347957151886331306		0.495836633258066706
1.977294612298635901		0.441310014290578867		0.348643231129167896		0.495872423655815464
1.975116015387856194		0.441621043158786031		0.349334354895774635		0.495908169526342868
1.972939447499134635		0.441932269720391402		0.349891553928722066		0.495943577149630443
1.970764892691116543		0.442243693104763580		0.350505934745179160		0.495970383160087791
1.968592335134056626		0.442555312436667625		0.351169500625208075		0.496005230294297716
1.966421759108428535		0.442867126836246849		0.351840498495511522		0.496039893203566562
1.964253149003556409		0.443179135419031645		0.352360117086425118		0.496074752345323500
1.962086489316262394		0.443491337295920607		0.352864989086672076		0.496108737686200785
1.959921764649537712		0.443803731573181537		0.353596369046394909		0.496141674290441537
1.957758959711227265		0.444116317352424517		0.354377782150421150		0.496174578917342290
1.955598059312736448		0.444429093730617120		0.355160000622444794		0.496207451505699337
1.953439048367755504		0.444742059800057099		0.355540781356116053		0.496240291994347049
1.951281911890998977		0.445055214648380104		0.355975357040514029		0.496273100322157323
1.949126634996966256		0.445368557358546968		0.356601373053240911		0.496305876428039972
1.946973202898715671		0.445682087008818117		0.357108768085998340		0.496338620250942997
1.944821600906658343		0.445995802672780717		0.357605865570103765		0.496371331729853260
1.942671814427366916		0.446309703419307036		0.357900575775215335		0.496404010803795870
1.940523828962399389		0.446623788312570380		0.358433550365763687		0.496436657411834459
1.938377630107142036		0.446938056412019225		0.359165705568874671		0.496469271493071962
1.936233203549665438		0.447252506772382485		0.359588705237425144		0.496501852986650505
1.934090535069595607		0.447567138443658419		0.360013402347093614		0.496534401831751293
1.931949610537002204		0.447881950471106571		0.360595614171245804		0.496566917967595167
1.929810415911300536		0.448196941895239731		0.361302121006616239		0.496601192746497111
1.927672937240166862		0.448512111751807885		0.361867606948157727		0.496636074961371576
1.925537160658469915		0.448827459071816870		0.362658176485248507		0.496670913087494392
1.923403072387215973		0.449142982881488018		0.363445172823981089		0.496705707092581716
1.921270658732507242		0.449458682202272197		0.364135969000360882		0.496740456944385844
1.919139906084513125		0.449774556050836050		0.364697396276950025		0.496775162610694598
1.917010800916457480		0.450090603439057102		0.365417867560835052		0.496809824059332605
1.914883329783615640		0.450406823374008058		0.366152026545758902		0.496844441258159741
1.912757479322326759		0.450723214857968735		0.366773603578355978		0.496879014175072742
1.910633236249018596		0.451039776888390864		0.367394052070187549		0.496913542778004036
1.908510587359241839		0.451356508457915861		0.368017103481265262		0.496946075255440711
1.906389519526722198		0.451673408554358224		0.368762560074362034		0.496967200735735026
1.904270019702418049		0.451990476160693488		0.369267274123150080		0.496990934587472288
1.902152074913595614		0.452307710255056838		0.369990949169927752		0.497025169445661941
1.900035672262912145		0.452625109810748216		0.370724277750239639		0.497059361224839735
1.897920798927511310		0.452942673796193129		0.371181076266240417		0.497093509888203666
1.895807442158131684		0.453260401174972682		0.371869140337300508		0.497127615398991085
1.893695589278222791		0.453578290905782722		0.372471122729996162		0.497158661654711176
1.891585227683076020		0.453896341942461812		0.373132177797397546		0.497193668972449099
1.889476344838962429		0.454214553233956375		0.373740939589169041		0.497228629020583568
1.887368928282283420		0.454532923724330074		0.374288443041791263		0.497263541772866247
1.885262965618732078		0.454851452352740604		0.374959765155150782		0.497297494380403604
1.883158444522462283		0.455170138053462237		0.375570585757045883		0.497331340205966976
1.881055352735270247		0.455488979755840295		0.375956610417185866		0.497365142622740397
1.878953678065783839		0.455807976384324132		0.376449024378783359		0.497398901594283238
1.876853408388663658		0.456127126858431597		0.376853857450441032		0.497432617084194950
1.874754531643812117		0.456446430092758981		0.377504673089187726		0.497466289056115951
1.872657035835591621		0.456765884996964189		0.378152997770986932		0.497497453447309057
1.870560909032054075		0.457085490475771072		0.378842486271050161		0.497527222778693823
1.868466139364175937		0.457405245428951446		0.379460716359413752		0.497556963239000449
1.866372715025105933		0.457725148751332023		0.380126750477834841		0.497586674758723202
1.864280624269418984		0.458045199332775765		0.380725822543282355		0.497620688225885510
1.862189855412378803		0.458365396058187546		0.381263813105789218		0.497653154172121137
1.860100396829211133		0.458685737807495775		0.381934109399266697		0.497687525214094428
1.858012236954382335		0.459006223455654061		0.382375043595816255		0.497721849199972366
1.855925364280887946		0.459326851872643216		0.383022345775098028		0.497756126100866725
1.853839767359550139		0.459647621923446881		0.383757152800994872		0.497790355887924862
1.851755434798319833		0.459968532468056690		0.384554585228746360		0.497824538532330496
1.849672355261590573		0.460289582361471106		0.385345625978256112		0.497858674005302815
1.847590517469516636		0.460610770453680651		0.386026894288981293		0.497892762278097589
1.845509910197341119		0.460932095589663360		0.386697116960090126		0.497926057380362108
1.843430522274730254		0.461253556609383497		0.387518517811142771		0.497959222132813795
1.841352342585115265		0.461575152347786455		0.388035992009968633		0.497992342510892472
1.839275360065041331		0.461896881634792977		0.388705279667184711		0.498025418479121351
1.837199563703523442		0.462218743295284895		0.389375854169792091		0.498058450002064723
1.835124942541410231		0.462540736149109510		0.390047712583188821		0.498091437044329122
1.833051485670753156		0.462862859011082595		0.390685668776934392		0.498124379570562825
1.830979182234182989		0.463185110690955415		0.391362964282908954		0.498157253447215453
1.828908021424293873		0.463507489993443322		0.392070961466782053		0.498190058999316732
1.826837992483031581		0.463829995718187005		0.392747925543255716		0.498222820086718088
1.824769084701091337		0.464152626659784795		0.393426158381578628		0.498255536673884059
1.822701287417319183		0.464475381607750593		0.394024089893682650		0.498288208725321646
1.820634590018120891		0.464798259346533627		0.394783405636911111		0.498320836205580375
1.818568981936876217		0.465121258655511183		0.395346719359669307		0.498353419079251847
1.816504452653360691		0.465444378308967954		0.395865508213923079		0.498385957310970629
1.814440991693171190		0.465767617076110474		0.396484202630923876		0.498418450865413476
1.812378588627158615		0.466090973721049517		0.397264047009412646		0.498450899707300221
1.810317233070866338		0.466414447002809707		0.398054442978963974		0.498483303801392996
1.808256914683973982		0.466738035675308693		0.398582371791722900		0.498515579688337818
1.806197623169746080		0.467061738487354883		0.399202779156541010		0.498535137947466789
1.804139348274488075		0.467385554182660035		0.399746891393245041		0.498559588495123163
1.802082079787004520		0.467709481499822222		0.400474270281304778		0.498591548866198553
1.800025807538066180		0.468033519172306400		0.401202811749486687		0.498623589966891934
1.797970521399880228		0.468357665928480604		0.402009072298663006		0.498656060016072378
1.795916211285564890		0.468681920491568871		0.402662229888093026		0.498688484833703816
1.793862867148631857		0.469006281579679773		0.403473754838666210		0.498720888305396681
1.791810478982469812		0.469330747905777501		0.404332492752641159		0.498753313385250807
1.789759036819836613		0.469655318177694125		0.405144858878470293		0.498785487534715688
1.787708530732353918		0.469979991098127881		0.405843568099539309		0.498817731063785741
1.785658950830007141		0.470304765364626398		0.406665106904115947		0.498849929180347595
1.783610287260650074		0.470629639669587208		0.407279746880059357		0.498876985534939199
1.781562530209513717		0.470954612700261233		0.407956313090880596		0.498903588173155221
1.779515669898720232		0.471279683138740080		0.408706807345933620		0.498937803476082853
1.777469696586801318		0.471604849661967196		0.409429407856231553		0.498971636609506608
1.775424600568219713		0.471930110941712222		0.410073707778079388		0.499005863376257797
1.773380372172896458		0.472255465644589367		0.410777822454577946		0.499040039157333193
1.771337001765741270		0.472580912432033373		0.411476551109504540		0.499074047547940991
1.769294479746188031		0.472906449960323993		0.412185904783259283		0.499106991338707118
1.767252796547733373		0.473232076880554797		0.412852550381600958		0.499140822248048677
1.765211942637479270		0.473557791838645770		0.413570342551588754		0.499174747094603077
1.763171908515680952		0.473883593475336762		0.414225160436469897		0.499209124624672207
1.761132684715296604		0.474209480426186269		0.414810833930139289		0.499240946539948438
1.759094261801543047		0.474535451321558222		0.415464911632911993		0.499275532601067551
1.757056630371452766		0.474861504786652844		0.416134228368824688		0.499306462143503993
1.755019781053436922		0.475187639441441545		0.416807925201856500		0.499336517456901108
1.752983704506850593		0.475513853900740302		0.417521512340241374		0.499365241088938927
1.750948391421561112		0.475840146774149875		0.418205157458169274		0.499395656243447394
1.748913832517522637		0.476166516666070683		0.418880856139737356		0.499421690067740343
1.746880018544349822		0.476492962175711299		0.419573651831654404		0.499453155481698219
1.744846940280898817		0.476819481897069519		0.420262363324825527		0.499485129067780198
1.742814588534849829		0.477146074418944799		0.421209552518452712		0.499515898354599086
1.740782954142292116		0.477472738324931756		0.422102073037775194		0.499546985412798628
1.738752027967314984		0.477799472193412178		0.422686920874125960		0.499575833116596757
1.736721800901598112		0.478126274597555134		0.423260670297973762		0.499601192556377804
1.734692263864008321		0.478453144105324746		0.424146469539139259		0.499637268031522419
1.732663407800197675		0.478780079279458537		0.424803798072965588		0.499672061186119232
1.730635223682205348		0.479107078677492138		0.425391514695154460		0.499704783131606711
1.728607702508061283		0.479434140851736912		0.426068401444247513		0.499738387828696229
1.726580835301393835		0.479761264349288397		0.426849655738458289		0.499770370174183187
1.724554613111040080		0.480088447712016197		0.427526268064292669		0.499802059349036265
1.722529027010659020		0.480415689476576535		0.427939931690822395		0.499838194030944483
1.720504068098346551		0.480742988174399477		0.428579599162348501		0.499877781784124620
1.718479727496253773		0.481070342331684719		0.429277736409610144		0.499918349816098950
1.716455996350209068		0.481397750469417518		0.429815603122540357		0.499958974295729164
1.714432865829340180		0.481725211103357365		0.430484532504528006		0.499995325042568162
1.712410327125701626		0.482052722744034157		0.431195474939246648		0.500026940828898092
1.710388371453902545		0.482380283896739648		0.432095918982923322		0.500075993960793608
1.708366990050738332		0.482707893061558591		0.432760939325776750		0.500140691611463017
1.706346174174823371		0.483035548733331710		0.433392357882760815		0.500207782540871615
1.704325915106227329		0.483363249401669526		0.434219761543416294		0.500280691244715747
1.702306204146113444		0.483690993550967341		0.434706288859243950		0.500359297374614931
1.700287032616378813		0.484018779660374543		0.435448421642391781		0.500442097572732947
1.698268391859297122		0.484346606203826024		0.436071589860474340		0.500531400610779942
1.696250273237162709		0.484674471650013761		0.436937657599737905		0.500628262294058102
1.694232668131939068		0.485002374462399244		0.437498894504952163		0.500716809934250051
1.692215567944906685		0.485330313099225530		0.438214858508140459		0.500816240437877203
1.690198964096314205		0.485658286013495921		0.439037606918193657		0.500911580900195386
1.688182848025033156		0.485986291652984181		0.439758100864460877		0.501016235813689703
1.686167211188210446		0.486314328460238532		0.440336220035821568		0.501131159432791629
1.684152045060928193		0.486642394872569939		0.441048312265950204		0.501257393745832780
1.682137341135860442		0.486970489322069711		0.441958431412764141		0.501390502595690513
1.680123090922935658		0.487298610235600171		0.442702374308844571		0.501529063339817616
1.678109285948998330		0.487626756034792719		0.443447705998270381		0.501671373468809190
1.676095917757473908		0.487954925136051321		0.444027616956484183		0.501810205206420168
1.674082977908035064		0.488283115950553737		0.444625094055872472		0.501959408445329824
1.672070457976269076		0.488611326884258679		0.445344043109610455		0.502123120059100980
1.670058349553347421		0.488939556337893655		0.446177436427449392		0.502279000652372964
1.668046644245698262		0.489267802706967903		0.446928089035793674		0.502449161141929168
1.666035333674676933		0.489596064381769502		0.447561694006821942		0.502633885248536361
1.664024409476242194		0.489924339747365212		0.448228616377045974		0.502815979096915555
1.662013863300631389		0.490252627183600798		0.448871714804665201		0.503001102110705922
1.660003686812037360		0.490580925065112472		0.449479659552356414		0.503184841090399848
1.657993871688287824		0.490909231761314013		0.450132207776731852		0.503388457877382178
1.655984409620525621		0.491237545636409256		0.450770821036389102		0.503622093454818676
1.653975292312889867		0.491565865049385042		0.451376098712524765		0.503852972044193881
1.651966511482198641		0.491894188354027095		0.451987203206819177		0.504048649554181827
1.649958058857634136		0.492222513898909808		0.452570936358612841		0.504266666029949406
1.647949926180427127		0.492550840027392856		0.453172682884362577		0.504504237065783401
1.645942105203544781		0.492879165077651671		0.453939812035291768		0.504779805969225115
1.643934587691377125		0.493207487382643806		0.454569720662526322		0.505042827994834687
1.641927365419427964		0.493535805270137629		0.455228255935044512		0.505292145816816141
1.639920430174003130		0.493864117062696562		0.455973901373292301		0.505547357165289313
1.637913773751903612		0.494192421077704502		0.456828734454091112		0.505838819709037990
1.635907387960117143		0.494520715627347340		0.457525739004846110		0.506141965357716939
1.633901264615511550		0.494848999018619284		0.457899872214328207		0.506404705771447472
1.631895395544529226		0.495177269553334742		0.458460655154379393		0.506673012587074756
1.629889772582883589		0.495505525528133706		0.459116614212978613		0.506974052099384398
1.627884387575253777		0.495833765234462043		0.459771750680085578		0.507317817964209161
1.625879232374983330		0.496161986958603751		0.460425066846802067		0.507661585148263650
1.623874298843777764		0.496490188981666969		0.461079429558455600		0.507973097116560135
1.621869578851403482		0.496818369579595853		0.461706876809020450		0.508282916557918796
1.619865064275388677		0.497146527023161255		0.462391274424523879		0.508626791349341190
1.617860747000722244		0.497474659577979428		0.463053538976035239		0.508968530820829712
1.615856618919556231		0.497802765504511635		0.463707244510209726		0.509327169321929674
1.613852671930908755		0.498130843058066264		0.464366763602402866		0.509674258293130511
1.611848897940364234		0.498458890488796436		0.465074467089506671		0.510037240125653990
1.609845288859780288		0.498786906041722988		0.465873058275021401		0.510421087656519057
1.607841836606988650		0.499114887956712550		0.466674654727557703		0.510795493051774741
1.605838533105501842		0.499442834468506680		0.467383619182486942		0.511187594108388321
1.603835370284218298		0.499770743806710271		0.467890514757805853		0.511536602100560067
1.601832340077127270		0.500098614195803037		0.468585249572017859		0.511963114541781228
1.599829434423015506		0.500426443855150116		0.469645043526715877		0.512362697868710359
1.597826645265175038		0.500754230998987415		0.470289884630108013		0.512768273124362794
1.595823964551108753		0.501081973836442707		0.470895786583682030		0.513196719066647100
1.593821384232239957		0.501409670571541399		0.471532889733225435		0.513607284317852075
1.591818896263618832		0.501737319403202986		0.472036610260587963		0.514045002141803375
1.589816492603631559		0.502064918525259030		0.472644156442630858		0.514456905261366226
1.587814165213709883		0.502392466126432069		0.473168412890471179		0.514898404887706218
1.585811906058038678		0.502719960390382803		0.473679490911723566		0.515319144311662480
1.583809707103266406		0.503047399495670011		0.474501684160579196		0.515764016084195420
1.581807560318214456		0.503374781615796074		0.475335994444841314		0.516218248325670870
1.579805457673586933		0.503702104919184324		0.475976349657520503		0.516693956667315768
1.577803391141680667		0.504029367569201026		0.476614821634516572		0.517165326718003526
1.575801352696095670		0.504356567724157601		0.477389018758998251		0.517603832093782024
1.573799334311444920		0.504683703537308959		0.477763213651513641		0.518082487343371922
1.571797327963065261		0.505010773156876036		0.478556717407766230		0.518584624585387233
1.569795325626727633		0.505337774726037470		0.479188828687810819		0.519122993901154128
1.567793319278348196		0.505664706382939366		0.479738484813469479		0.519627854929340494
1.565791300893697446		0.505991566260711623		0.480288413935971548		0.520121265085289552
1.563789262448112449		0.506318352487465817		0.481001268951257277		0.520637672887197644
1.561787195916206405		0.506645063186301869		0.481756358443485022		0.521132057643681423
1.559785093271578660		0.506971696475310485		0.482268603585348676		0.521658665244314701
1.557782946486526710		0.507298250467600020		0.482554738421278218		0.522207154646040173
1.555780747531754438		0.507624723271284162		0.482927384252025083		0.522768239139228985
1.553778488376083233		0.507951112989497133		0.483452234973477168		0.523243900087485558
1.551776160986161557		0.508277417720400471		0.483955256062424621		0.523817089904285438
1.549773757326174284		0.508603635557188571		0.484597842254453459		0.524346784967274271
1.547771269357553159		0.508929764588096689		0.485275680746240612		0.524906033868902444
1.545768689038684363		0.509255802896417364		0.486098405135776068		0.525476029091842989
1.543766008324618078		0.509581748560492431		0.486577345436430719		0.526076184977486760
1.541763219166777610		0.509907599653746768		0.487129864879567720		0.526632122229319877
1.539760313512665846		0.510233354244656545		0.487817845568941755		0.527231381996242865
1.537757283305574818		0.510559010396799517		0.488110331032486688		0.527791049399302437
1.535754120484291274		0.510884566168841814		0.488855139417629592		0.528345739378091928
1.533750816982804688		0.511210019614546818		0.489744438053535458		0.528935793957692746
1.531747364730013050		0.511535368782793154		0.490096472190635957		0.529514242211669872
1.529743755649428660		0.511860611717563252		0.490621828923968661		0.530096875550564728
1.527739981658884361		0.512185746457984314		0.491184629565678543		0.530662406199451153
1.525736034670236885		0.512510771038311108		0.491804422724390622		0.531262757867043134
1.523731906589071095		0.512835683487945060		0.492182184529859568		0.531890901641817182
1.521727589314404439		0.513160481831446802		0.492799624190755681		0.532503531851738710
1.519723074738389412		0.513485164088543167		0.493267134111450345		0.533157210382594782
1.517718354746015352		0.513809728274117972		0.493857001848038046		0.533824584256692325
1.515713421214809786		0.514134172398264755		0.494304907780679093		0.534399921343260198
1.513708266014539339		0.514458494466250471		0.494701718900600829		0.534972862895371715
1.511702881006909749		0.514782692478561676		0.495087408780395644		0.535675606458517528
1.509697258045263668		0.515106764430885433		0.495641668517554479		0.536281519578723276
1.507691388974281566		0.515430708314145614		0.496212540440662375		0.536847430939355386
1.505685265629675973		0.515754522114496461		0.496787245134564903		0.537464714892172513
1.503678879837889504		0.516078203813334135		0.497299649691452017		0.538141671930294940
1.501672223415790208		0.516401751387311814		0.497641635092725909		0.538789616703187368
1.499665288170365152		0.516725162808357785		0.498167223519108138		0.539443538595285266
1.497658065898415991		0.517048436043669568		0.498446927596653933		0.540101482610573669
1.495650548386248335		0.517371569055732894		0.498931373942884782		0.540721685704443900
1.493642727409365989		0.517694559802341470		0.499567177752078095		0.541379282564541597
1.491634594732159202		0.518017406236597644		0.499868124780398715		0.542012273329323446
1.489626142107594475		0.518340106306923287		0.500047634321698187		0.542655352405078228
1.487617361276903249		0.518662657957073669		0.500106168200561751		0.543401256031894930
1.485608243969267495		0.518985059126154336		0.500141445648381255		0.544048850276201312
1.483598781901505292		0.519307307748630320		0.500209286562584121		0.544711444300673420
1.481588966777755978		0.519629401754330367		0.500317855877303597		0.545344802773756077
1.479578790289161727		0.519951339068467466		0.500372488361057299		0.546015105215760133
1.477568244113550922		0.520273117611647740		0.500387009675762107		0.546670883693220033
1.475557319915116183		0.520594735299888312		0.500428158134964662		0.547336761478434908
1.473546009344095076		0.520916190044610095		0.500488171571350060		0.548043457496124264
1.471534304036445473		0.521237479752688304		0.500564986137227885		0.548701374094038186
1.469522195613524040		0.521558602326428034		0.500696244831752124		0.549453935981775943
1.467509675681758052		0.521879555663584793		0.500815642486322044		0.550058569088196392
1.465496735832319208		0.522200337657391489		0.500827967714176481		0.550674570756664039
1.463483367640794786		0.522520946196564418		0.500865571794517517		0.551329709583791128
1.461469562666857458		0.522841379165316034		0.501015598203400025		0.551991883821755125
1.459455312453932674		0.523161634443361723		0.501071744695324672		0.552673075843784445
1.457440608528864923		0.523481709905943227		0.501114865482411465		0.553390523742760543
1.455425442401582670		0.523801603423839301		0.501129012657279937		0.554026806573559072
1.453409805564760182		0.524121312863363720		0.501159549576447927		0.554733016890745612
1.451393689493478689		0.524440836086417561		0.501266178640891846		0.555430500113300418
1.449377085644886431		0.524760170950455684		0.501274810487380762		0.556128730799919979
1.447359985457854048		0.525079315308546457		0.501311512663299097		0.556754539991396236
1.445342380352630407		0.525398267009333675		0.501367781084368525		0.557399580823093155
1.443324261730496216		0.525717023897106395		0.501435995783040878		0.558063612981230417
1.441305620973414081		0.526035583811771179		0.501477949214242935		0.558770707435546243
1.439286449443679672		0.526353944588890843		0.501518920526606182		0.559520264595973260
1.437266738483565787		0.526672104059686119		0.501586825894431154		0.560250695545472910
1.435246479414969745		0.526990060051052311		0.501617317356297998		0.561046055771294294
1.433225663539054784		0.527307810385588493		0.501683106199281692		0.561676356813533340
1.431204282135890349		0.527625352881587295		0.501759726035238662		0.562348421411916211
1.429182326464091490		0.527942685353058216		0.501785744986300797		0.563017453560209158
1.427159787760452936		0.528259805609766819		0.501798431461015437		0.563878106397745160
1.425136657239584270		0.528576711457217963		0.501811094359769339		0.564569680917814676
1.423112926093539565		0.528893400696674787		0.501839810223523641		0.565246360281678517
1.421088585491446565		0.529209871125202236		0.501924266735589208		0.565872863858332353
1.419063626579134096		0.529526120535650735		0.501937965474108627		0.566505291479742712
1.417038040478753036		0.529842146716692164		0.501997308619465676		0.567147160307908682
1.415011818288399503		0.530157947452812972		0.502055411082127478		0.567942547051136448
1.412984951081732055		0.530473520524361142		0.502132947533834306		0.568648360083855553
1.410957429907587546		0.530788863707540415		0.502145059533740779		0.569391111827466490
1.408929245789595441		0.531103974774425169		0.502196200511039192		0.570077209027902376
1.406900389725784795		0.531418851492993394		0.502334696010443227		0.570762620108407170
1.404870852688195004		0.531733491627126909		0.502356829564170160		0.571434503737936028
1.402840625622478132		0.532047892936635014		0.502371276664086874		0.572108753655064750
1.400809699447500778		0.532362053177256600		0.502385921668987878		0.572834097112743690
1.398778065054943287		0.532675970100721874		0.502468809044753439		0.573720825118203992
1.396745713308894299		0.532989641454701624		0.502484460862104632		0.574422418503297005
1.394712635045443294		0.533303064982880048		0.502513503184827126		0.575185692883683042
1.392678821072270701		0.533616238424934886		0.502625433157864343		0.575865472751994290
1.390644262168231782		0.533929159516587704		0.502645739409547820		0.576508621117554743
1.388608949082942523		0.534241825989589025		0.502659908354702978		0.577208337401749039
1.386572872536356194		0.534554235571753633		0.502674730174919482		0.578056784825654590
1.384536023218340350		0.534866385986977444		0.502706235414480229		0.578841781757273410
1.382498391788250069		0.535178274955245503		0.502721874644037281		0.579562896772465308
1.380459968874496290		0.535489900192657409		0.502904505622306486		0.580262401794803928
1.378420745074112164		0.535801259411439634		0.502940589793468007		0.580924260093204414
1.376380710952313846		0.536112350319967512		0.502972589166025497		0.581698667632720934
1.374339857042059743		0.536423170622782330		0.503004541384980186		0.582395168296883980
1.372298173843605085		0.536733718020604211		0.503151645915675627		0.583211240591283375
1.370255651824051846		0.537043990210351208		0.503169404715990254		0.583975869859021279
1.368212281416896658		0.537353984885169722		0.503185268514569684		0.584830825145919886
1.366168053021573403		0.537663699734419076		0.503238564379000386		0.585653486545372748
1.364122957002992020		0.537973132443747892		0.503254604148586471		0.586415590387612151
1.362076983691073107		0.538282280695043247		0.503270138694118185		0.587028136120700483
1.360030123380279399		0.538591142166488734		0.503296124414037815		0.587714623229625310
1.357982366329143042		0.538899714532596663		0.503360779902368272		0.588362892599448184
1.355933702759785975		0.539207995464176859		0.503388461562184197		0.589105629317827839
1.353884122857439198		0.539515982628396396		0.503404153412938205		0.589744666353300917
1.351833616769956503		0.539823673688792471		0.503483056788416983		0.590603176238392202
1.349782174607323304		0.540131066305270635		0.503499508695389175		0.591273523080706020
1.347729786441161259		0.540438158134146529		0.503515921678107436		0.591885555540246244
1.345676442304228226		0.540744946828145445		0.503532295712536881		0.592618714748354480
1.343622132189913110		0.541051430036433745		0.503579218435121545		0.593350863958699071
1.341566846051726936		0.541357605404634512		0.503595193774798000		0.594072541956630285
1.339510573802788596		0.541663470574836881		0.503611315924337166		0.594731851583925719
1.337453305315305041		0.541969023185638110		0.503628395683466623		0.595440321788640703
1.335395030420047036		0.542274260872132929		0.503644233818599241		0.596118275844499945
1.333335738905819134		0.542579181265956056		0.503660032582667005		0.596824275043959740
1.331275420518926556		0.542883781995280090		0.503675791960803032		0.597524373100878692
1.329214064962634501		0.543188060684860696		0.503691511938176406		0.598232834712995931
1.327151661896621926		0.543492014956032277		0.503707192499991518		0.598939302877037116
1.325088200936432425		0.543795642426740611		0.503739589340854166		0.599646698358847985
1.323023671652916899		0.544098940711545964		0.503782857013762908		0.600492666435552103
1.320958063571672225		0.544401907421662279		0.503892165940973635		0.601169341270367918
1.318891366172473933		0.544704540164976714		0.503918152239911432		0.601840466050667655
1.316823568888701779		0.545006836546034545		0.503943971066967089		0.602511484289997457
1.314754661106761535		0.545308794166101007		0.503960060999272264		0.603249632123179613
1.312684632165499465		0.545610410623166620		0.503976109754347257		0.603863237500700922
1.310613471355609905		0.545911683511949408		0.503992117317121568		0.604531045323077332
1.308541167919039960		0.546212610423927658		0.504018350399957016		0.605315534492543050
1.306467711048382885		0.546513188947373996		0.504043583045524213		0.605950723074018094
1.304393089886269674		0.546813416667340624		0.504060565947975103		0.606622291490894527
1.302317293524752007		0.547113291165700732		0.504076477167656911		0.607462542234095015
1.300240311004677851		0.547412810021183249		0.504092346913000422		0.608431819666880536
1.298162131315062862		0.547711970809353299		0.504108453724513184		0.609107872759136804
1.296082743392451997		0.548010771102660277		0.504157683946261037		0.609885227856669099
1.294002136120276703		0.548309208470440401		0.504174283982256388		0.610607834418638751
1.291920298328202765		0.548607280478960124		0.504235199094316799		0.611416753077003494
1.289837218791473283		0.548904984691405917		0.504251117466786969		0.612100785420172433
1.287752886230242977		0.549202318667922684		0.504268411129877303		0.612977122671717889
1.285667289308905170		0.549499279965633414		0.504284254453594816		0.613608104461164316
1.283580416635411003		0.549795866138642841		0.504341980360762054		0.614316877817136953
1.281492256760582205		0.550092074738072756		0.504364604404794692		0.615099043818344238
1.279402798177414091		0.550387903312074878		0.504390943283764437		0.615768526629641766
1.277312029320374132		0.550683349405861500		0.504455991591925446		0.616477612104494255
1.275219938564687183		0.550978410561698162		0.504472228426683600		0.617206113836371584
1.273126514225617179		0.551273084318948725		0.504488308738831992		0.617918003618033840
1.271031744557739263		0.551567368214092357		0.504504345469789395		0.618599682780628823
1.268935617754201273		0.551861259780722646		0.504520338603568930		0.619333369973256054
1.266838121945980999		0.552154756549586567		0.504561968091564061		0.620044741688653422
1.264739245201129458		0.552447856048604136		0.504593192962826342		0.620813376119108695
1.262638975524009277		0.552740555802873623		0.504609164777272357		0.621485723452399275
1.260537300854522869		0.553032853334706087		0.504625092555285759		0.622387065746228374
1.258434209067330611		0.553324746163630921		0.504640976281604092		0.623087538031378063
1.256329687971061038		0.553616231806427161		0.504656815941006198		0.623721435115417555
1.254223725307509696		0.553907307777139257		0.504672752644346079		0.624438925651690679
1.252116308750830909		0.554197971587092608		0.504688686787175822		0.625071132604004043
1.250007425906717096		0.554488220744906668		0.504706522220384146		0.625918401314575767
1.247897064311570103		0.554778052756546125		0.504727864463050402		0.626577075762374758
1.245785211431661432		0.555067465125291037		0.504745066699131995		0.627207532749772589
1.243671854662281806		0.555356455351793343		0.504786736460512864		0.627847140253212532
1.241556981326881193		0.555645020934092959		0.504802216366871170		0.628625834361687952
1.239440578676197724		0.555933159367614116		0.504817651864923223		0.629439533479250191
1.237322633887375067		0.556220868145216318		0.504833072782996273		0.630090775840189576
1.235203134063070918		0.556508144757181133		0.504917317566688229		0.630816302254808892
1.233082066230551277		0.556794986691254601		0.504937865506017380		0.631556804023075902
1.230959417340774742		0.557081391432655115		0.504953646548720991		0.632296191760245763
1.228835174267466357		0.557367356464106845		0.504969382237036024		0.633034457214408541
1.226709323806177476		0.557652879265835177		0.504985072553502445		0.633728647787285437
1.224581852673335636		0.557937957315607580		0.505000717480709294		0.634386255079086525
1.222452747505279991		0.558222588088746807		0.505016317001294679		0.635009327861220663
1.220321994857286096		0.558506769058130126		0.505031871097945340		0.635625877627718272
1.218189581202577143		0.558790497694257482		0.505099108393034957		0.636239900394276692
1.216055492931323201		0.559073771465213420		0.505114485847966477		0.636845347157963482
1.213919716349626254		0.559356587836723373		0.505129817560954764		0.637449531578348494
1.211782237678492580		0.559638944272156102		0.505145199424166469		0.638154612699475154
1.209643043052790912		0.559920838232554230		0.505160434416225712		0.638944981056192796
1.207502118520197509		0.560202267176647783		0.505182998225830793		0.639543430532706347
1.205359450040127678		0.560483228560874069		0.505198520369960713		0.640140594557038867
1.203215023482651080		0.560763719839381225		0.505213996335814652		0.640824191167948864
1.201068824627393727		0.561043738464081954		0.505229426104032209		0.641636373135563987
1.198920839162426422		0.561323281884647973		0.505244809655308491		0.642256640881610052
1.196771052683134551		0.561602347548528891		0.505260146970395119		0.642898307069725616
1.194619450691077445		0.561880932900979957		0.505275438030099777		0.643736428461598620
1.192466018592826860		0.562159035385077610		0.505388145367498098		0.644687118570500983
1.190310741698794139		0.562436652441736018		0.505433381277061722		0.645435335511699737
1.188153605222037834		0.562713781509748379		0.505451586571962541		0.646172352027246766
1.185994594277056446		0.562990420025759053		0.505468091256648711		0.646833471826887996
1.183833693878565851		0.563266565424329735		0.505484547548116780		0.647577638381295562
1.181670888940255404		0.563542215137943781		0.505500955405054575		0.648252713081715504
1.179506164273530722		0.563817366597008096		0.505517314786263161		0.648868382965839707
1.177339504586236929		0.564092017229896880		0.505533625650657403		0.649729182064972099
1.175170894481364581		0.564366164462962616		0.505549887957266297		0.650604563428234584
1.173000318455736490		0.564639805720548504		0.505568008286735093		0.651188928149234569
1.170827760898676573		0.564912938425017996		0.505583495200095157		0.651771911340591870
1.168653206090658481		0.565185559996774334		0.505599026345820213		0.652353508324248876
1.166476638201936922		0.565457667854268875		0.505615164499391145		0.652957534198284395
1.164298041291157215		0.565729259414027630		0.505631253813691339		0.653893695760777605
1.162117399303946197		0.566000332090695557		0.505646395533433934		0.654701573893059940
1.159934696071481142		0.566270883296996708		0.505661794593145753		0.655338995995342954
1.157749915309039368		0.566540910443820711		0.505679228304016237		0.655973167737218699
1.155563040614525638		0.566810410940201237		0.505695121844878859		0.656605781386093934
1.153374055466978021		0.567079382193347303		0.505710966338890455		0.657236972015434961
1.151182943225052435		0.567347821608675584		0.505726761744894393		0.657945707622625942
1.148989687125483439		0.567615726589809078		0.505742508021853387		0.658538679665296445
1.146794270281522810		0.567883094538618516		0.505809752783424216		0.659130207574759819
1.144596675681355258		0.568149922855223033		0.505824367947993236		0.659804987368842855
1.142396886186489047		0.568416208938035794		0.505883115375102776		0.660658330910139702
1.140194884530124630		0.568681950183761109		0.505897557798278275		0.661483443067439780
1.137990653315495315		0.568947143987430071		0.505911951818159511		0.662093462652185494
1.135784175014185493		0.569211787742420205		0.505926297423064719		0.662702004697901081
1.133575431964422453		0.569475878840469574		0.505940595536882087		0.663382717029976310
1.131364406369341324		0.569739414671709299		0.505955013762634409		0.664011097707716935
1.129151080295224707		0.570002392624683329		0.505969401041198585		0.664590137052487595
1.126935435669713215		0.570264810086350216		0.505983739582060998		0.665171573379020109
1.124717454279989370		0.570526664442143061		0.505998029369852609		0.665826439672987602
1.122497117770934416		0.570787953075961529		0.506012270389255225		0.666405816481206115
1.120274407643253811		0.571048673370212256		0.506026462625001949		0.667173305051925514
1.118049305251575642		0.571308822705817954		0.506068297938188527		0.667853513980700919
1.115821791802517282		0.571568398462241944		0.506082490657049244		0.668485750775658527
1.113591848352722069		0.571827398017534905		0.506096634270334578		0.669100822959266872
1.111359455806865792		0.572085818748317876		0.506110728762211415		0.669805915670336982
1.109124594915629869		0.572343658029850877		0.506126246220332199		0.670509462641825649
1.106887246273643655		0.572600913236029019		0.506152907893297921		0.671172546825440919
1.104647390317391009		0.572857581739398269		0.506215105159198986		0.671833490740701533
1.102405007323086661		0.573113660911214406		0.506229296096724402		0.672450474377684237
1.100160077404515713		0.573369148121441907		0.506243184002679092		0.673287932483810025
1.097912580510837621		0.573624040738784036		0.506257022366440212		0.673851310534465342
1.095662496424357091		0.573878336130718258		0.506270811174531987		0.674414579783878865
1.093409804758254777		0.574132031663505127		0.506284550413526158		0.675030014440676673
1.091154484954283799		0.574385124702236460		0.506298240070041872		0.675633565272288905
1.088896516280425386		0.574637612610840121		0.506311880130745684		0.676405706879737445
1.086635877828508123		0.574889492752117759		0.506325470582351778		0.677302396248004590
1.084372548511785883		0.575140762487778789		0.506339011411621853		0.677924309664849623
1.082106507062475353		0.575391419178451047		0.506352502605365240		0.678486387976367955
1.079837732029252484		0.575641460183731968		0.506365944150438674		0.679063788478472152
1.077566201774706522		0.575890882862189257		0.506379336033746741		0.679851716352369073
1.075291894472752086		0.576139684571404631		0.506392678242241434		0.680452871448748886
1.073014788105993933		0.576387862668014561		0.506405970762922375		0.681209093975517099
1.070734860463050442		0.576635414507715494		0.506419213582837147		0.681864210395401127
1.068452089135828675		0.576882337445314586		0.506432406689080628		0.682596725819962336
1.066166451516753710		0.577128628834747581		0.506445550068795769		0.683308025880217218
1.063877924795949781		0.577374286029105122		0.506458643709172929		0.683860876935460049
1.061586485958371018		0.577619306380679376		0.506471687597450648		0.684412052290330308
1.059292111780885115		0.577863687240996571		0.506484681720914764		0.684961546842762004
1.056994778829301707		0.578107425960824983		0.506497626066899187		0.685509355503129969
1.054694463455353226		0.578350519890235115		0.506510520622785454		0.686179207643491051
1.052391141793618479		0.578592966378603246		0.506523365376003287		0.686886347200869940
1.050084789758393367		0.578834762774679823		0.506536160314029815		0.687608871505496211
1.047775383040506103		0.579075906426596787		0.506548905424390350		0.688445642583436657
1.045462897104073363		0.579316394681911206		0.506561600694658054		0.689284086321576117
1.043147307183201145		0.579556224887628701		0.506574246112453719		0.690082150466661326
1.040828588278624789		0.579795394390270058		0.506586841665446763		0.690614683614425240
1.038506715154285054		0.580033900535857128		0.506658479968918884		0.691145486644648588
1.036181662333848674		0.580271740669991098		0.506671024633193134		0.691679754236185440
1.033853404097156981		0.580508912137870925		0.506683519095786239		0.692336570207830460
1.031521914476616786		0.580745412284335072		0.506695963345781708		0.692892815822030994
1.029187167253520219		0.580981238453889715		0.506721124441960380		0.693447275230854809
1.026849135954297054		0.581216387990755590		0.506733428186215473		0.694000381619771511
1.024507793846697989		0.581450858238899970		0.506745681744428800		0.694556079033690210
1.022163113935907530		0.581684646542077854		0.506757885107172235		0.695105921870049714
1.019815068960581161		0.581917750243873932		0.506770038265056399		0.695651509597850271
1.017463631388810796		0.582150166687732895		0.506782141208729331		0.696358497187728354
1.015108773414012289		0.582381893217008395		0.506794193928878256		0.696890310200899088
1.012750466950733452		0.582612927174999129		0.506806196416228039		0.697462131171214583
1.010388683630385698		0.582843265904978924		0.506818148661541956		0.698123698200856957
1.008023394796889960		0.583072906750254472		0.506830050655621700		0.698850112378071264
1.005654571502240913		0.583301847054203293		0.506841902389307042		0.699520620385664649
1.003282184501984808		0.583530084160298057		0.506853703853476167		0.700202812315495526
1.000906204250608278		0.583757615412173747		0.506881326482620187		0.700883000370403408
0.998526600896839756		0.583984438153645646		0.506893309112121493		0.701478275923591688
0.996143344278854537		0.584210549728766959		0.506905240637579135		0.702002666061789626
0.993756403919390907		0.584435947481873108		0.506917121044581753		0.702601029438650881
0.991365749020763576		0.584660628757605383		0.506932424165589368		0.703274683352182461
0.988971348459781963		0.584884590900968671		0.506943982222510137		0.704234498298764611
0.986573170782565900		0.585107831257401623		0.506955489728903252		0.704815508082044739
0.984171184199256865		0.585330347172750121		0.506966946675415087		0.705326736705877755
0.981765356578622739		0.585552135993383849		0.506978353052732977		0.705836073627014837
0.979355655442553319		0.585773195066198848		0.506994978556844611		0.706347672722571374
0.976942047960444038		0.585993521738670364		0.507020716011107320		0.707059807559682230
0.974524500943463878		0.586213113358899696		0.507032019574177095		0.707623399680859078
0.972102980838706943		0.586431967275666932		0.507044295338554885		0.708136121123709494
0.969677453723222893		0.586650080838465815		0.507076093507762171		0.708841018110062726
0.967247885297922383		0.586867451397545148		0.507088579175971055		0.709359155853817258
0.964814240881356255		0.587084076303959423		0.507101010020789666		0.709875327663933353
0.962376485403365622		0.587299952909615453		0.507113386003319344		0.710742479711281572
0.959934583398596830		0.587515078567323767		0.507125707084826849		0.711271891896710140
0.957488498999880422		0.587729450630814387		0.507137973226745142		0.711799285220559241
0.955038195931467992		0.587943066454822527		0.507150184390672831		0.712324653590681867
0.952583637502125935		0.588155923395112357		0.507162340538375278		0.712838443649761011
0.950124786598081861		0.588368018808504534		0.507248056509898015		0.713567958949527736
0.947661605675816254		0.588579350052956252		0.507260286791955783		0.714276687609546990
0.945194056754701917		0.588789914487583554		0.507271833366648273		0.714815785725714581
0.942722101409479096		0.588999709472723398		0.507283325997459622		0.715293177199119778
0.940245700762569081		0.589208732369946420		0.507294764659972142		0.715779618393041273
0.937764815476217373		0.589416980542125657		0.507306007150500005		0.716351376367637238
0.935279405744463666		0.589624451353488954		0.507317478565606939		0.717049730120629336
0.932789431284935189		0.589831142169631173		0.507333665302199921		0.717715759008388021
0.930294851330453088		0.590037050357589354		0.507344333489382349		0.718183461044586413
0.927795624620454951		0.590242173285860261		0.507354949492005769		0.718804214000766772
0.925291709392220829		0.590446508324465991		0.507365490944366004		0.719289637002023419
0.922783063371902412		0.590650052844971962		0.507375974868816582		0.719940769575144635
0.920269643765348144		0.590852804220540984		0.507386406673513757		0.720486330533945063
0.917751407248715623		0.591054759825994869		0.507396786347957929		0.721152013712000106
0.915228309958871500		0.591255917037806888		0.507407113881702010		0.721706029627493084
0.912700307483567674		0.591456273234190033		0.507417389264350316		0.722351960775691304
0.910167354851390109		0.591655825795103674		0.507431163905890936		0.723062896500697438
0.907629406521470616		0.591854572102322063		0.507441849386682686		0.723824054016820706
0.905086416372960167		0.592052509539438665		0.507452480745581469		0.724337471517785603
0.902538337694251291		0.592249635491928217		0.507463057961095587		0.724849518542305726
0.899985123171945345		0.592445947347185253		0.507473581011839259		0.725357750332916384
0.897426724879558324		0.592641442494551085		0.507484049876535837		0.725877703503666094
0.894863094265951120		0.592836118325339445		0.507494464534015033		0.726566295876424295
0.892294182143486658		0.593029972232896996		0.507504824963215362		0.727260253315855976
0.889719938675894273		0.593223001612627532		0.507515131143182474		0.728090026205237661
0.887140313365842759		0.593415203862010299		0.507525383053070045		0.728640120025163873
0.884555255042206223		0.593606576380656947		0.507535580672140219		0.729325998794053132
0.881964711847015415		0.593797116570323191		0.507545723979762609		0.729888376946557060
0.879368631222088637		0.593986821834965317		0.507555812955415075		0.730353266058465955
0.876766959895325826		0.594175689580728528		0.507565847578683504		0.730837967932797650
0.874159643866661118		0.594363717216027765		0.507575827829262693		0.731571728812883348
0.871546628393662925		0.594550902151535499		0.507585753686954799		0.732714240673741024
0.868927857976764306		0.594737241800225691		0.507595625131671002		0.733302375412135721
0.866303276344121409		0.594922733577416762		0.507605442143430841		0.733728241815539750
0.863672826436081009		0.595107374900747610		0.507615204702362099		0.734250528678613068
0.861036450389248587		0.595291163190275086		0.507624912788701366		0.734702166331999695
0.858394089520144177		0.595474095868428699		0.507634566382794361		0.735153334753991805
0.855745684308428678		0.595656170360071902		0.507644165465094388		0.735599126198360875
0.853091174379693618		0.595837384092525402		0.507653710016164550		0.736043422344408893
0.850430498487794395		0.596017734495569051		0.507663200016676308		0.736485938042003685
0.847763594496715567		0.596197219001469825		0.507672635447410259		0.736926160317849743
0.845090399361951961		0.596375835045019453		0.507682016289255911		0.737364084047170798
0.842410849111388194		0.596553580063530542		0.507691342523211797		0.737832383102427602
0.839724878825662602		0.596730451496848557		0.507700614130385697		0.738251945276924837
0.837032422617997596		0.596906446787408340		0.507709831091994301		0.738713347972958845
0.834333413613476682		0.597081563380194136		0.507718993389363882		0.739422227986241354
0.831627783927753272		0.597255798722820641		0.507728101003929733		0.740754429708207485
0.828915464645166966		0.597429150265471387		0.507737153917236839		0.741414416954227939
0.826196385796252986		0.597601615460997659		0.507746152110939097		0.742258723204700099
0.823470476334619006		0.597773191764849332		0.507755095566800652		0.742657509299468610
0.820737664113170284		0.597943876635144256		0.507763984266694446		0.743054033031411043
0.817997875859660772		0.598113667532660265		0.507772818192603670		0.743471908302963280
0.815251037151542568		0.598282561920846612		0.507781597326620870		0.744004313467555800
0.812497072390095609		0.598450557265833405		0.507790321650948284		0.744455959632364439
0.809735904773806636		0.598617651036454146		0.507798991147898282		0.744879133864785770
0.806967456270973105		0.598783840704242620		0.507807605799892592		0.745434806938075289
0.804191647591505077		0.598949123743443113		0.507816165589463631		0.745808255202021986
0.801408398157892665		0.599113497631015846		0.507824670499252839		0.746258051290349833
0.798617626075312503		0.599276959846678281		0.507833120512012570		0.746722364375251746
0.795819248100841148		0.599439507872873367		0.507841515610604977		0.747098732426700995
0.793013179611739560		0.599601139194802291		0.507849855778002124		0.747468621717750636
0.790199334572779133		0.599761851300407933		0.507858140997286545		0.747860814330362778
0.787377625502567846		0.599921641680429385		0.507866371251651016		0.748253567074649628
0.784547963438844587		0.600080507828364307		0.507919817498070580		0.748641677302452679
0.781710257902698546		0.600238447240518558		0.507927641768563198		0.749026227177651216
0.778864416861675291		0.600395457415984546		0.507935412690112775		0.749408354185720049
0.776010346691725195		0.600551535856664209		0.507951798749451511		0.749788053897823215
0.773147952137950401		0.600706680067284560		0.507959370366343865		0.750165321911528959
0.770277136274103436		0.600860887555404455		0.507966889155255452		0.750615599838781344
0.767397800460788870		0.601014155831433583		0.507974355109730324		0.751714528936167081
0.764509844302316499		0.601166482408639014		0.507981768223357277		0.752106795983664811
0.761613165602153530		0.601317864803154856		0.507989128489770736		0.752496494819383743
0.758707660316916721		0.601468300534014566		0.507996435902649979		0.752883355263976317
0.755793222508850060		0.601617787123170933		0.508003690455719581		0.753265503510105572
0.752869744296723931		0.601766322095480199		0.508010892142749526		0.753617378732130083
0.749937115805091592		0.601913902978765458		0.508018040957554873		0.753956691794028577
0.746995225111833694		0.602060527303815318		0.508025136893996088		0.754346471119907380
0.744043958193924215		0.602206192604406332		0.508032179945978490		0.754884279441981110
0.741083198871339444		0.602350896417349957		0.508039170107453364		0.755269780037381322
0.738112828749032612		0.602494636282492557		0.508046107372416622		0.755941739129357471
0.735132727156894372		0.602637409742771579		0.508052991734909587		0.756348977711696069
0.732142771087608168		0.602779214344224323		0.508059823189019433		0.756738122580777439
0.729142835132315925		0.602920047636057221		0.508066601728877631		0.757232224270759757
0.726132791413993783		0.603059907170640619		0.508073327348661841		0.757553721827278315
0.723112509518439528		0.603198790503588267		0.508080000042594682		0.757897062483786299
0.720081856422768674		0.603336695193783079		0.508086619804944295		0.758275543396489726
0.717040696421301638		0.603473618803437972		0.508093186630023674		0.758952028648389287
0.713988891048733088		0.603609558898115739		0.508099700512191665		0.759269910919273094
0.710926299000455342		0.603744513046839515		0.508106161445852189		0.759577896100316341
0.707852776049906485		0.603878478822079123		0.508112569425454685		0.759883472142841687
0.704768174962809857		0.604011453799892739		0.508118924445493891		0.760186635980531045
0.701672345408154596		0.604143435559927444		0.508125226500509841		0.760501597179400135
0.698565133865771348		0.604274421685523921		0.508131475585088088		0.760869621759781123
0.695446383530337719		0.604404409763782624		0.508137671693859483		0.761236534474411197
0.692315934211647166		0.604533397385652260		0.508143814821500173		0.761590122412984627
0.689173622230959904		0.604661382145995074		0.508149904962732157		0.761940858351285111
0.686019280313244550		0.604788361643700090		0.508155942112322179		0.762288736950282986
0.682852737475114657		0.604914333481754829		0.508161926265082831		0.762633752912290297
0.679673818908244076		0.605039295267365662		0.508167857415872226		0.762975900981093913
0.676482345858036238		0.605163244612055173		0.508173735559593553		0.763315175942092083
0.673278135497314301		0.605286179131753088		0.508179560691195742		0.763619837984848893
0.670061000794770822		0.605408096446948596		0.508185332805672796		0.763910833893097219
0.666830750377918502		0.605528994182793601		0.508223672985713804		0.764321839234742395
0.663587188390253546		0.605648869969218850		0.508232897908776349		0.764651773758008413
0.660330114342330132		0.605767721441094587		0.508239033239710203		0.764978792364075066
0.657059322956429215		0.605885546238338013		0.508245110980297898		0.765302889999348479
0.653774604004475623		0.606002342006102701		0.508251131114464849		0.765624061653496391
0.650475742138849178		0.606118106394894274		0.508257093626287348		0.765942302359575833
0.647162516715700575		0.606232837060742935		0.508262998499993346		0.766257607194162138
0.643834701610360827		0.606346531665379773		0.508268845719962226		0.766578239727173649
0.640492065024416135		0.606459187876386752		0.508274635270724917		0.766896344415043729
0.637134369283970714		0.606570803367413203		0.508280799699053376		0.767200354690367181
0.633761370628613485		0.606681375818326263		0.508287973538478988		0.767501431403938117
0.630372818990552641		0.606790902915420149		0.508309529036689689		0.767799569953063088
0.626968457763353970		0.606899382351637651		0.508315108399716831		0.768094765778397193
0.623548023559681641		0.607006811826730108		0.508320629808876712		0.768387014364059318
0.620111245957389090		0.607113189047534751		0.508326093249404476		0.768676311237747822
0.616657847233276546		0.607218511728148558		0.508331498706689366		0.768962651970856115
0.613187542083769466		0.607322777590188934		0.508336846166274836		0.769249289032134520
0.609700037331726619		0.607425984363014981		0.508342135613858770		0.769549492346155883
0.606195031618526836		0.607528129783984072		0.508347367035293707		0.769828561845303350
0.602672215080519158		0.607629211598718744		0.508352540416586174		0.770104641730125383
0.599131269008858047		0.607729227561330632		0.508357655743897574		0.770377727727987960
0.595571865491670183		0.607828175434716567		0.508362713003543631		0.770647815611273823
0.591993667037411631		0.607926052990843568		0.508367712181994835		0.770995402026091736
0.588396326178205031		0.608022858011016742		0.508372653265876107		0.771368073374425145
0.584779485051826309		0.608118588286172157		0.508377536241967576		0.771737899052322707
0.581142774960934805		0.608213241617165834		0.508382361097204138		0.772108516684136159
0.577485815908004185		0.608306815815123025		0.508387127818675122		0.772474931321129765
0.573808216104302105		0.608399308701705777		0.508391836393624952		0.772837132599427323
0.570109571451127173		0.608490718109464757		0.508396486809453485		0.773195110268879993
0.566389464991359892		0.608581041882143459		0.508401079053715010		0.773548854193549795
0.562647466329231238		0.608670277875038690		0.508405613114119248		0.773898354352187456
0.558883131016025714		0.608758423955333305		0.508410088978531016		0.774203581111887695
0.555095999899242964		0.608845478002441154		0.508414506634970453		0.774453741527788342
0.551285598432530777		0.608931437908384665		0.508418866071612574		0.774700696717824822
0.547451435943452802		0.609016301578133246		0.508423167276788379		0.774944442402949019
0.543593004855911555		0.609100066929983863		0.508427410238983302		0.775184974358400503
0.539709779863738470		0.609182731895952401		0.508431594946839094		0.775422288413831540
0.535801217051656065		0.609264294422142028		0.508435721389152606		0.775656380453432881
0.531866752959458178		0.609344752469140438		0.508439789554876120		0.775886551898143373
0.527905803584858280		0.609424104012397327		0.508443799433117349		0.776110002492081508
0.523917763320027818		0.609502347042658377		0.508447751013140103		0.776330274470462656
0.519902003816352098		0.609579479566351501		0.508451644284363624		0.776545172861109578
0.515857872771396830		0.609655499605992635		0.508455479236362695		0.776756821650158691
0.511784692631466420		0.609730405200618941		0.508459255858868087		0.776965313365167942
0.507681759202473049		0.609804194406212252		0.508462974141766222		0.777170644606846373
0.503548340161068309		0.609876865296102744		0.508466634075099400		0.777372812026632221
0.499383673457145516		0.609948415961438561		0.508470235649066016		0.777571812326784073
0.495186965597874895		0.610018844511569180		0.508473778854020120		0.777767642260471903
0.490957389802348432		0.610088149074544450		0.508477263680471858		0.777960298631864666
0.486694084014721140		0.610156327797498954		0.508480690119087364		0.778149778296219230
0.482396148762353205		0.610223378847147391		0.508484058160688868		0.778336078159965084
0.478062644843920859		0.610289300410200797		0.508487367796254808		0.778519195180789603
0.473692590830710081		0.610354090693820295		0.508490619016919609		0.778770021967982617
0.469284960362302161		0.610417747926089604		0.508493811813974017		0.779064243444651305
0.464838679215604733		0.610480270356451915		0.508496946178864762		0.779360379812184867
0.460352622123568089		0.610541656256172294		0.508500022103195226		0.779651177013331753
0.455825609316963920		0.610601903918793432		0.508503039578724669		0.779936624074646923
0.451256402759189101		0.610661011660594166		0.508505998597368780		0.780097474481401987
0.446643702040122492		0.610718977821066433		0.508508899151200011		0.780232238968067149
0.441986139890545082		0.610775800763323828		0.508511741232446801		0.780364304861087765
0.437282277273373821		0.610831478874629519		0.508514524833494130		0.780493670700013298
0.432530598001882483		0.610886010566795923		0.508517249946883521		0.780635726009703990
0.427729502827995767		0.610939394276682979		0.508519916565313035		0.780761090889982912
0.422877302935463550		0.610991628466609815		0.508522524681637167		0.780908696717129813
0.417972212763042472		0.611042711624855794		0.508525074288866952		0.781234881963028704
0.413012342071402472		0.611092642266081287		0.508527565380170299		0.781516444839740920
0.407995687154042386		0.611141418931780978		0.508529997948871326		0.781666334180570743
0.402920121076577764		0.611189040190738941		0.508532371988451359		0.781855605851330071
0.397783382809829222		0.611235504639452309		0.508534687492547710		0.781976717896539664
0.392583065099565753		0.611280810902595007		0.508536944454955120		0.782093501067531505
0.387316600888653606		0.611324957633422539		0.508539142869624761		0.782207271219352518
0.381981248074753699		0.611367943514230405		0.508541282730664568		0.782318026751979256
0.376574072347246880		0.611409767256765324		0.508543364032339240		0.782425766107601950
0.371091927799056920		0.611450427602617474		0.508545386769070573		0.782539895044283118
0.365531434950395695		0.611489923323685125		0.508547350935436904		0.782651448459611099
0.359888955749309458		0.611528253222540008		0.508549256526173443		0.782759692155205911
0.354160565024744134		0.611565416132837991		0.508551103536172611		0.782864624295217637
0.348342017756892275		0.611601410919716537		0.508552891960483811		0.782966243099743386
0.342428711390611484		0.611636236480182727		0.508554621794312656		0.783064546844879694
0.336415642242469226		0.611669891743468863		0.508556293033022522		0.783159479943307590
0.330297354829253986		0.611702375671435594		0.508557905672133326		0.783251060838448199
0.324067882660581008		0.611733687258894099		0.508559459707322414		0.783339324999272058
0.317720678669798196		0.611763825533980232		0.508560955134423787		0.783424270929874322
0.311248532977117909		0.611792789558504690		0.508562391949428538		0.783505830772164069
0.304643475046734113		0.611820578428248552		0.508563770148484862		0.783575045675170223
0.297896656458643050		0.611847191273332980		0.508565089727898267		0.783641321943004621
0.290998209384276951		0.611872627258490787		0.508566350684130919		0.783704658704984847
0.283937074313492799		0.611896885583388284		0.508567553013802742		0.783765055128991084
0.276700788452028446		0.611919965482902839		0.508568696713689872		0.783822510421485541
0.269275223226499938		0.611941866227420195		0.508569781780726426		0.783877023827529218
0.261644255088168021		0.611962587123075941		0.508570808212003400		0.783928594630798226
0.253789347653565867		0.611982127512045504		0.508571776004768661		0.783977222153600328
0.245689014126185962		0.612000486772739216		0.508572685156427839		0.784022905756888489
0.237318115206586522		0.612017664320072319		0.508573535664543330		0.784065644840276188
0.228646926434001613		0.612033659605673575		0.508574327526834735		0.784105438842049529
0.219639875063640494		0.612048472118076226		0.508575060741179086		0.784142287239180669
0.210253791013768621		0.612062101382921497		0.508575735305610732		0.784176189547337699
0.200435421799573771		0.612074546963142119		0.508576351218320788		0.784207145320897192
0.190117793353358544		0.612085808459113423		0.508576908477657907		0.784235154152951974
0.179214685119424316		0.612095885508806115		0.508577407082128174		0.784260215675321670
0.167611867050401792		0.612104777787927601		0.508577847030394437		0.784282329558559588
0.155152424497087105		0.612112485010072760		0.508578228321277526		0.784301495511961377
0.141610414744566565		0.612119006926752363		0.508578550953754704		0.784317713283569029
0.126639006020471179		0.612124343327594245		0.508578814926961109		0.784330982660178977
0.109654253647691491		0.612128494040338644		0.508579020240189084		0.784341303467345430
0.089517359977677069		0.612131458930943562		0.508579166892888068		0.784348675569384146
0.063287761231673179		0.612133237903629390		0.508579254884664600		0.784353098869375653
0.000000000000000000		0.612133830900910003		0.508579284215282978		0.784354573309167580
