#m1		 ppd_mean		 ppd_lower		 ppd_upper
2.000000000000000000		0.000000000000000000		0.000000000000000000		0.000000000000000000
2.098098098098097886		0.000000000000000000		0.000000000000000000		0.000000000000000000
2.196196196196196215		0.000000000000000000		0.000000000000000000		0.000000000000000000
2.294294294294294101		0.000000000000000000		0.000000000000000000		0.000000000000000000
2.392392392392392431		0.000000000000000000		0.000000000000000000		0.000000000000000000
2.490490490490490316		0.000000000000021126		0.000000000000000000		0.000000000000000000
2.588588588588588646		0.000000000014000085		0.000000000000000000		0.000000000000000000
2.686686686686686532		0.000000001048503021		0.000000000000000000		0.000000000000000000
2.784784784784784861		0.000000031137265292		0.000000000000000000		0.000000000000000000
2.882882882882882747		0.000000420484087566		0.000000000000000000		0.000000000000000000
2.980980980980981077		0.000002941077029661		0.000000000000000000		0.000000000000000000
3.079079079079078962		0.000012980230544755		0.000000000000000000		0.000000000000000000
3.177177177177177292		0.000041550189044186		0.000000000000000000		0.000000000000000000
3.275275275275275177		0.000105551660746184		0.000000000000000000		0.000000000000000000
3.373373373373373063		0.000226254302966118		0.000000000000000000		0.000000000000000000
3.471471471471471393		0.000427749328681017		0.000000000000000000		0.000000000000000000
3.569569569569569722		0.000737152360687140		0.000000000000000000		0.000000000000000000
3.667667667667667608		0.001187252635316958		0.000000000000000000		0.000000000000000000
3.765765765765765494		0.001820641056562848		0.000000000000000000		0.000000000000042945
3.863863863863863823		0.002693370144954698		0.000000000000000000		0.000000002525688568
3.961961961961962153		0.003876533794275161		0.000000000000000000		0.000000903121898870
4.060060060060060039		0.005453163308821115		0.000000000000000000		0.000040367943708863
4.158158158158157924		0.007516046932660259		0.000000000000000000		0.000515234551015026
4.256256256256255810		0.010179627193973551		0.000000000000000000		0.002640095856932658
4.354354354354354584		0.013609988452467532		0.000000000000000000		0.008817585360181979
4.452452452452452469		0.018019515012177776		0.000000000000000000		0.023326745938225393
4.550550550550550355		0.023600336529588845		0.000000000000000000		0.049444424852352703
4.648648648648649129		0.030548368751373393		0.000000000000000000		0.095738684440709806
4.746746746746746126		0.039139879995272242		0.000000000000000000		0.158509141787048169
4.844844844844844900		0.049761988248402202		0.000000000000000000		0.241613076403616622
4.942942942942942786		0.062890681016861807		0.000000000000000000		0.336222572857745872
5.041041041041040671		0.079037772297391687		0.000000000000000000		0.463555599167741084
5.139139139139139445		0.098714771549590713		0.000000000000000000		0.598067477713390749
5.237237237237236442		0.122563037346113846		0.000000000000000000		0.762262449892666005
5.335335335335335216		0.151422461099838757		0.000000000000000000		0.926258328933774133
5.433433433433433102		0.186658952909501158		0.000000000000000000		1.097721897864451401
5.531531531531530987		0.229987037652820914		0.000000000000000000		1.299202382029541081
5.629629629629629761		0.281834014389901855		0.000000000000000000		1.493248453762746175
5.727727727727727647		0.345736996856790879		0.000000000000000000		1.695081122176089305
5.825825825825825532		0.419234174846127072		0.000000000000000000		1.927056125026955558
5.923923923923924306		0.511388221067967774		0.000000001216398104		2.166600853877071131
6.022022022022022192		0.623738966841608011		0.000053920739669332		2.453799698711456312
6.120120120120120077		0.756917892364210032		0.001936894080356133		2.723474726881411012
6.218218218218217963		0.915210135605475261		0.015740795650773236		3.030526207929014504
6.316316316316315849		1.090343377046735451		0.054998585720455760		3.381416556559730502
6.414414414414414622		1.282158336230436291		0.119497914466353522		3.711991312560870782
6.512512512512512508		1.470466094776494925		0.200119064975211813		3.968517308745171057
6.610610610610610394		1.649450017407398938		0.292811461078148871		4.219816326974394016
6.708708708708708279		1.817909323618387196		0.396703777188359252		4.440125355439817234
6.806806806806806165		1.973082967458499315		0.506751278679866246		4.621650791289403593
6.904904904904904939		2.113277711918698731		0.615615472577953016		4.751084716767895344
7.003003003003002824		2.238660756651325912		0.719607290249205667		4.837107367571640282
7.101101101101100710		2.349130566385470686		0.819513591895056570		4.852126246353883232
7.199199199199198596		2.444774583212470986		0.906719642272836968		4.899398351034567334
7.297297297297297369		2.525904608304637033		0.984996090196412655		4.932696220208341309
7.395395395395395255		2.592932879849283889		1.056577254911424069		4.923340999094991233
7.493493493493493141		2.646426632734897311		1.122926978278463439		4.911461654652786279
7.591591591591591026		2.687012346792548634		1.181591910322084438		4.889770815023144479
7.689689689689689800		2.715399938731441587		1.227991229543769158		4.837859918820150540
7.787787787787787686		2.732437809314378629		1.265314582655966857		4.788568239085116751
7.885885885885885571		2.738987530575784923		1.303218955402725143		4.723649647981873478
7.983983983983983457		2.735886085755812047		1.325196222514603450		4.633541469850197103
8.082082082082081342		2.723932110763351400		1.349678341063735854		4.556687354623615960
8.180180180180180116		2.703922145556735934		1.358325409001367889		4.482497119870916258
8.278278278278278890		2.676649409736981511		1.365036995487831639		4.388353198844892056
8.376376376376375887		2.642884866616337813		1.363669199941277110		4.293166623125032721
8.474474474474472885		2.603404982734883077		1.357889110479383321		4.199356277609346932
8.572572572572571659		2.558943733582520252		1.341469963973003665		4.104174769255439337
8.670670670670670432		2.510248347978335293		1.331100891937949005		3.997486075207788758
8.768768768768769206		2.458039107768949627		1.316375080558778832		3.892047350535060790
8.866866866866866204		2.403005137422666415		1.295325068705979854		3.800045804169651209
8.964964964964964977		2.345757874732526727		1.273492882629368550		3.689655330994014104
9.063063063063061975		2.286859650449786230		1.245080768730169707		3.581092983989953460
9.161161161161160749		2.226822503245057483		1.219278943244114011		3.483448009024881387
9.259259259259259522		2.166106632329085624		1.191868773679551241		3.389540205487365121
9.357357357357358296		2.105144294120242954		1.162956071997841789		3.288200376258981095
9.455455455455455294		2.044308124894054668		1.131115634949915405		3.192919829898808626
9.553553553553552291		1.983923313663354726		1.104834543730473628		3.094787477284199895
9.651651651651651065		1.924271882459710037		1.073587476145038355		3.004852214515711939
9.749749749749749839		1.865574755530626350		1.043766015292506344		2.911091267380451431
9.847847847847848612		1.808020384486863419		1.014436191676295174		2.818561299313817159
9.945945945945945610		1.751758556820699253		0.984463951683336669		2.732531845129781090
10.044044044044044384		1.696905856235322307		0.955751156681704406		2.645050990798445412
10.142142142142141381		1.643552970697801818		0.927429322283117474		2.556855326646272797
10.240240240240240155		1.591763485342757134		0.900024980919582940		2.472506793144068737
10.338338338338337152		1.541580088075914956		0.873563630622972820		2.390908831908834298
10.436436436436435926		1.493019184089517504		0.848133880913554128		2.313520849398731816
10.534534534534534700		1.446083716607144964		0.823247325986489642		2.239423898415729752
10.632632632632631697		1.400766600399769191		0.798849906510772256		2.166943921931932415
10.730730730730730471		1.357045244242004234		0.775378036684954863		2.098113196549390658
10.828828828828829245		1.314891379796530035		0.752652435681804510		2.030083033891052935
10.926926926926926242		1.274268153013391469		0.730951934581899221		1.966128077544361696
11.025025025025025016		1.235137653474488673		0.709460010528457419		1.905664428272128230
11.123123123123122014		1.197454200745896591		0.688877397292336324		1.847408032447999782
11.221221221221220787		1.161172800689004747		0.668982885758596213		1.790485246701686295
11.319319319319319561		1.126242419296651365		0.648899182445787814		1.735276476911055354
11.417417417417416559		1.092614490593031062		0.629950717398478965		1.681470952428165022
11.515515515515515332		1.060239975093385301		0.611379970359513081		1.630774882599217213
11.613613613613612330		1.029069459931046593		0.594163930699099008		1.581071665142862459
11.711711711711711104		0.999053274973499827		0.577614640899745235		1.533709410751622926
11.809809809809809877		0.970145932470878991		0.560898614420445751		1.488912134102020612
11.907907907907906875		0.942301539388900933		0.545074287473978458		1.446095996669320316
12.006006006006005649		0.915475420008803109		0.529262927972812269		1.402716590040557598
12.104104104104104422		0.889624684254215814		0.514589883630712230		1.363007633946727415
12.202202202202201420		0.864708750039434815		0.500843244879264349		1.324347342428077168
12.300300300300300194		0.840688891240440217		0.486890030352146175		1.288013980239253176
12.398398398398397191		0.817526393716275668		0.473506193167059553		1.252099912190042241
12.496496496496495965		0.795185521391181704		0.460554588742387805		1.216476549833282128
12.594594594594594739		0.773632082681377842		0.448229351744361182		1.182390992555566678
12.692692692692691736		0.752833030250509294		0.436368707042449955		1.151511715696483362
12.790790790790790510		0.732756876560768045		0.424852447428431035		1.120137058178515499
12.888888888888889284		0.713374033920391337		0.413756492799743636		1.090352470459355461
12.986986986986986281		0.694655292095621157		0.403057529278604720		1.061277902932686867
13.085085085085085055		0.676572997736886617		0.392537366749230066		1.033855908703704474
13.183183183183182052		0.659101370605968184		0.382787617447382156		1.006836431361612938
13.281281281281280826		0.642216072658736703		0.373170912417334633		0.980737227294228853
13.379379379379379600		0.625892650262110939		0.363685845139253672		0.955494606093491905
13.477477477477476597		0.610108907217935981		0.354425334937543968		0.932035541682903146
13.575575575575575371		0.594843758165531811		0.345136134949814821		0.908846836168099137
13.673673673673672369		0.580075868340301559		0.337097378560983818		0.885402421770066894
13.771771771771771142		0.565786251302887955		0.328837329738383310		0.863067779949081459
13.869869869869869916		0.551956084568691829		0.320331887788358638		0.841610041709681012
13.967967967967966914		0.538568191595592771		0.312665657690534060		0.820723226505307379
14.066066066066065687		0.525604132845912564		0.305396033274592693		0.801057350601163343
14.164164164164164461		0.513049623815473699		0.298352322518783242		0.782145647537634048
14.262262262262261459		0.500887810323940363		0.291430363805102954		0.763611149197178762
14.360360360360360232		0.489104446848596663		0.284918528860290399		0.745905714288193522
14.458458458458457230		0.477685252608607780		0.278357711366191196		0.728020239397617952
14.556556556556556004		0.466617125418119782		0.271868187007766604		0.710870688960879238
14.654654654654654777		0.455886993637635629		0.265548279742066684		0.695637109514462892
14.752752752752751775		0.445481845916847252		0.259324448573335031		0.680332691500322495
14.850850850850850549		0.435391082316518963		0.253369975695903193		0.665228220318984209
14.948948948948947546		0.425602548049900942		0.247672615110391459		0.650458370975036670
15.047047047047046320		0.416105699548482533		0.242197494160643373		0.636130940880341278
15.145145145145145094		0.406890293926660762		0.236837065324190382		0.622394404766279163
15.243243243243242091		0.397946399397447415		0.232235768785444135		0.608470958435008979
15.341341341341340865		0.389264475212379779		0.227154894351746656		0.595608808996110128
15.439439439439439639		0.380835044198746031		0.222017815199049368		0.583099224323610277
15.537537537537536636		0.372650253355336414		0.217403407534356524		0.570940423694203614
15.635635635635635410		0.364700934571098923		0.212616224868073245		0.559044424013719454
15.733733733733732407		0.356979512947904531		0.208261840755426170		0.547710703444388658
15.831831831831831181		0.349478416969521533		0.203779204640398198		0.536287171531420359
15.929929929929929955		0.342189639595707973		0.199521144460412497		0.525793484950834999
16.028028028028025176		0.335106642857933512		0.195204416890549542		0.514705337806297236
16.126126126126123950		0.328222728742251002		0.191149213921887579		0.504345628456729700
16.224224224224222723		0.321531009542227464		0.187177112620472097		0.494453768677309446
16.322322322322321497		0.315025328336617505		0.183507172702358251		0.484841008527739870
16.420420420420420271		0.308699707146189384		0.179788556714168379		0.475372009142502383
16.518518518518519045		0.302548474213890972		0.176203944498693671		0.466144011495144894
16.616616616616617819		0.296566044483255131		0.172572072162225393		0.456781828062456874
16.714714714714716592		0.290746855140756322		0.169073481921051816		0.447988053187710455
16.812812812812811814		0.285085886505692276		0.165598782796923943		0.439513545771640479
16.910910910910910587		0.279578082912744219		0.162376556151467760		0.430900165480018416
17.009009009009005808		0.274219124603329367		0.159305674004743020		0.422682826932166578
17.107107107107104582		0.269004128542386367		0.156096641696537475		0.415065923659269753
17.205205205205203356		0.263928770221270592		0.153102246933104258		0.407407016210828365
17.303303303303302130		0.258988867525775435		0.150164710399348839		0.399965668966267673
17.401401401401400904		0.254180440235647120		0.147311065412017078		0.392661268597319590
17.499499499499499677		0.249499293241296161		0.144453242212511157		0.385540283525402594
17.597597597597598451		0.244941759289569849		0.141669147646114491		0.378797738311845267
17.695695695695697225		0.240504254153506153		0.139056259421568046		0.372455254695237159
17.793793793793792446		0.236183286696754841		0.136373152559769228		0.366067140235437460
17.891891891891891220		0.231975541549914843		0.133835902625337011		0.359473096647260904
17.989989989989989994		0.227877759059379986		0.131325076525551449		0.353231203990465537
18.088088088088088767		0.223886721504693298		0.128892979225007698		0.347259386524693958
18.186186186186183988		0.219999484448417465		0.126462714937246090		0.341421493894922989
18.284284284284282762		0.216213137376426751		0.124381342288480370		0.335949663150843236
18.382382382382381536		0.212524890672101702		0.122117129942636932		0.330132327658183067
18.480480480480480310		0.208932074765909248		0.119919725927170803		0.324895543896196237
18.578578578578579084		0.205432097819829185		0.117929040242867433		0.319938684038883647
18.676676676676674305		0.202022358436692195		0.116138813925840551		0.314898862882471930
18.774774774774773078		0.198700468333757319		0.114244293866781768		0.310125033376433490
18.872872872872871852		0.195464157399630689		0.112092422895955654		0.305367890165911371
18.970970970970970626		0.192311266022732963		0.110253127464356657		0.300508614847045663
19.069069069069069400		0.189239547309360434		0.108643169819688856		0.295774453128220149
19.167167167167168174		0.186246839012219861		0.106925158913107804		0.291273784539869185
19.265265265265263395		0.183331174054597756		0.105117014322255453		0.287585013751400498
19.363363363363362168		0.180490631226855991		0.103445285998781014		0.283300685827782450
19.461461461461460942		0.177723361959300635		0.101795551349855587		0.278906669579513211
19.559559559559559716		0.175027541607082310		0.100184700073868746		0.275452440132970489
19.657657657657658490		0.172401250611820989		0.098728016797276788		0.271889961878613529
19.755755755755753711		0.169843075614094202		0.097131386267524780		0.267792688671882717
19.853853853853852485		0.167351221243142972		0.095580327747218766		0.263815135130651413
19.951951951951951258		0.164924335483397244		0.094151292994328131		0.260412221872701688
20.050050050050050032		0.162560627381553052		0.092695197982541638		0.256546401595603879
20.148148148148148806		0.160258796317089863		0.091381112180554530		0.252683526537179182
20.246246246246244027		0.158017331345877476		0.090026612108941056		0.249469949961148879
20.344344344344342801		0.155835141143379402		0.088705837014997874		0.246723483784496517
20.442442442442441575		0.153710577915686958		0.087381433728034322		0.243494405460987579
20.540540540540540349		0.151642580488352552		0.086181857791443647		0.240687900848690711
20.638638638638639122		0.149629921356227075		0.085076035591202290		0.237831236216534042
20.736736736736734343		0.147671409124726982		0.083904272539858618		0.235276263120354712
20.834834834834833117		0.145765874891592706		0.082734637983641668		0.232670675658618653
20.932932932932931891		0.143912262206215252		0.081587798942766174		0.229704008228910350
21.031031031031030665		0.142109522805342947		0.080454165742171097		0.226773368939655329
21.129129129129129439		0.140356663693412181		0.079389143723405400		0.224593333039265819
21.227227227227224660		0.138652717002325981		0.078293749675195770		0.222061670236070902
21.325325325325323433		0.136996700369915653		0.077193952509526112		0.219283646221946793
21.423423423423422207		0.135387672532536862		0.076176742170149220		0.217259195225611351
21.521521521521520981		0.133824926685809170		0.075164360479678477		0.215279975039041643
21.619619619619619755		0.132307523801096949		0.074175857733244338		0.212908004718659810
21.717717717717718529		0.130834516757354330		0.073212105497271723		0.210639160676186349
21.815815815815813750		0.129405449897833869		0.072291777808250010		0.208578661231577339
21.913913913913912523		0.128019372414760219		0.071355589266128949		0.206745964488856737
22.012012012012011297		0.126675532719871198		0.070437110282572407		0.204694481335417178
22.110110110110110071		0.125373419531935787		0.069502684706266443		0.202803309936692600
22.208208208208208845		0.124112180592760746		0.068490826762845194		0.200927348593825661
22.306306306306304066		0.122891294374879112		0.067693828584210136		0.199065110463389150
22.404404404404402840		0.121710183216283116		0.066918779513007481		0.197393545428147993
22.502502502502501613		0.120568218682489320		0.066114857946523331		0.196430628308197797
22.600600600600600387		0.119464784644813346		0.065450508315229347		0.195215036728228986
22.698698698698699161		0.118399403392211028		0.064683531060223884		0.193945316464547962
22.796796796796794382		0.117371657081236286		0.063859956269121790		0.192616649284340774
22.894894894894893156		0.116380857561431822		0.063103713299962977		0.191347106174528436
22.992992992992991930		0.115426740914880810		0.062387848424097406		0.190606946303416708
23.091091091091090703		0.114508722467508650		0.061698821973753849		0.189461950993780381
23.189189189189189477		0.113626443589590398		0.061068802376414141		0.188465870183848999
23.287287287287284698		0.112779491105621410		0.060323043036196330		0.187657746149805710
23.385385385385383472		0.111967445953430125		0.059664027095768131		0.186859251353713784
23.483483483483482246		0.111189967115297494		0.059023507503316121		0.185994947779279024
23.581581581581581020		0.110446760880783812		0.058464360907392120		0.185450121381213417
23.679679679679679793		0.109737376004328563		0.057829588182681246		0.184573587286569502
23.777777777777778567		0.109061673396916373		0.057297765425317407		0.184321506994196221
23.875875875875873788		0.108419135390954630		0.056705245674577603		0.183491450491539976
23.973973973973972562		0.107809665512146421		0.056147144183843332		0.183117174219770501
24.072072072072071336		0.107232952401350015		0.055718749479585702		0.182870960127150095
24.170170170170170110		0.106688691338586980		0.055237710618989737		0.182296911068466405
24.268268268268268884		0.106176754227261763		0.054686167941908490		0.181861506599627631
24.366366366366364105		0.105696805879573891		0.054239350488226569		0.181627873273291357
24.464464464464462878		0.105248803257592380		0.053792649076428438		0.181373242471315949
24.562562562562561652		0.104832364928990299		0.053452582759378878		0.181092548493793082
24.660660660660660426		0.104447448783484026		0.052956652276088347		0.181136914897820078
24.758758758758759200		0.104093835602479451		0.052512597511201811		0.181167928857976057
24.856856856856854421		0.103771368309645104		0.052143028287319329		0.181458493880970656
24.954954954954953195		0.103479948265219363		0.051772215247298137		0.181830175391133053
25.053053053053051968		0.103219392260123374		0.051343240756475859		0.182030532162191561
25.151151151151150742		0.102989652257946998		0.050983837519225611		0.182212156661016228
25.249249249249249516		0.102790529741897146		0.050587968180849555		0.182358301656577154
25.347347347347344737		0.102622039993885014		0.050256916667412513		0.182424225493114961
25.445445445445443511		0.102483952808306869		0.049951336543054371		0.182983515224131449
25.543543543543542285		0.102376355725302293		0.049620600306405277		0.183169566761412106
25.641641641641641058		0.102298980329040848		0.049347035176668844		0.183739449325707099
25.739739739739739832		0.102251974394727108		0.049011308922900364		0.183960901972789248
25.837837837837835053		0.102235089666027262		0.048791007323453865		0.184145312087967722
25.935935935935933827		0.102248393214889821		0.048504462719653141		0.184680952117937613
26.034034034034032601		0.102291811603168567		0.048327540369078124		0.184855035706301379
26.132132132132131375		0.102365214527126491		0.048051695869660842		0.185588183278503460
26.230230230230230148		0.102468723672137621		0.047885727582441535		0.186026071498874401
26.328328328328328922		0.102602105509564986		0.047656022709180644		0.186312886539609174
26.426426426426424143		0.102765546168164787		0.047529951634647953		0.186782148417035471
26.524524524524522917		0.102958828764827079		0.047354302590507449		0.187483778100926507
26.622622622622621691		0.103182021441836483		0.047167561627334258		0.188369600748042987
26.720720720720720465		0.103435056719584348		0.047013714718044983		0.189233059496979494
26.818818818818819238		0.103717876132970635		0.046903609982849259		0.189985974597008583
26.916916916916914460		0.104030567272468705		0.046803180700328947		0.190640161283160997
27.015015015015013233		0.104372882539870510		0.046867071603231905		0.191352995784319357
27.113113113113112007		0.104745009696091296		0.046608769110037591		0.192366474449656377
27.211211211211210781		0.105146709122318952		0.046496656655538475		0.193336705303820244
27.309309309309309555		0.105578043021282236		0.046389258197010175		0.194142350198051733
27.407407407407404776		0.106038887804809606		0.046295859608321208		0.195154407903961685
27.505505505505503550		0.106529177700324079		0.046340877754180762		0.196260399631885990
27.603603603603602323		0.107048851133711070		0.046335423797758159		0.197135807873157320
27.701701701701701097		0.107597780607727664		0.046296350023732578		0.197907075641268082
27.799799799799799871		0.108175903533150014		0.046348658533630613		0.198719922158444723
27.897897897897895092		0.108783061028180819		0.046434220138734682		0.199923026752231559
27.995995995995993866		0.109419141847003201		0.046552456098069774		0.201113858267397499
28.094094094094092640		0.110083880354120159		0.046661022422980585		0.202672517421209869
28.192192192192191413		0.110777221622501226		0.046733163619128763		0.203975693057668689
28.290290290290290187		0.111498938195642230		0.046850563590387195		0.205586631456500663
28.388388388388388961		0.112248767371188690		0.046948095986506365		0.206503601775850254
28.486486486486484182		0.113026526219113743		0.047054174995658490		0.207890475770668381
28.584584584584582956		0.113831781987741576		0.047246212794625209		0.209055353640518360
28.682682682682681730		0.114664463400456051		0.047562341396448174		0.210648334514627694
28.780780780780780503		0.115524028892494621		0.047827319472389954		0.212014173356658620
28.878878878878879277		0.116410138654157572		0.048215465637846171		0.213308317804503211
28.976976976976974498		0.117322566867534880		0.048539852840411471		0.214687676125844634
29.075075075075073272		0.118260635788988558		0.048908930575957299		0.216259741190388682
29.173173173173172046		0.119223979193044380		0.049232024950041808		0.218207636685192691
29.271271271271270820		0.120212105548410539		0.049553946749981044		0.220078808422328076
29.369369369369369593		0.121224337821586203		0.050165017064131491		0.221362177354387873
29.467467467467464814		0.122260179491464629		0.050750182731362115		0.222539684196864401
29.565565565565563588		0.123318885585345789		0.051132753149467490		0.224609040963097778
29.663663663663662362		0.124399745211997342		0.051589684329468095		0.225745833442851956
29.761761761761761136		0.125502049599677951		0.052112066153512146		0.227913569998993981
29.859859859859859910		0.126624904620475931		0.052804525559592246		0.229358191807652406
29.957957957957955131		0.127767467107017640		0.053363994943209030		0.230559482585939862
30.056056056056053905		0.128928713147277274		0.054227413164559889		0.232377352392172026
30.154154154154152678		0.130107687669162919		0.055221830028543299		0.234193555298425671
30.252252252252251452		0.131303310472477508		0.056063904767637861		0.236507151637913415
30.350350350350350226		0.132514283863211957		0.057025752205406809		0.238397183101578869
30.448448448448445447		0.133739472059355463		0.057841019738967131		0.240124290614629171
30.546546546546544221		0.134977573552586605		0.058783536006096579		0.241829920822248357
30.644644644644642995		0.136226951470329871		0.059649312391626602		0.244054313899118802
30.742742742742741768		0.137486247284290042		0.060679491905099261		0.246073229354785428
30.840840840840840542		0.138753872955965585		0.061528568849785130		0.248090334849462080
30.938938938938939316		0.140027836528489130		0.062391487845547752		0.250396441506754663
31.037037037037034537		0.141306450113729082		0.063347231516198421		0.253191406767664162
31.135135135135133311		0.142587854750817339		0.064012327598365629		0.254854690994810007
31.233233233233232085		0.143869687549129127		0.064904075603156947		0.256545499330008253
31.331331331331330858		0.145149712208235832		0.065815752092035551		0.259215566133077724
31.429429429429429632		0.146425820183980093		0.066722645727877186		0.261740953574908841
31.527527527527524853		0.147695251869014638		0.067445287018600364		0.263649114938195483
31.625625625625623627		0.148955268241597327		0.067890437075019017		0.265672186410867206
31.723723723723722401		0.150203211517732638		0.068614924150792636		0.267611773856102964
31.821821821821821175		0.151436057261872092		0.069172360635365582		0.269949008190896844
31.919919919919919948		0.152650556168280910		0.069594742330584589		0.272873359286673112
32.018018018018011617		0.153843389627544735		0.070132540629639778		0.275039972508110908
32.116116116116117496		0.155011320978460321		0.070524921742690108		0.277396334591999694
32.214214214214209164		0.156150605789850516		0.070888293530829080		0.279843479454584931
32.312312312312315044		0.157257353325600840		0.071533249441517441		0.283068248231133412
32.410410410410406712		0.158327953886186978		0.072059292168228817		0.285979816700273504
32.508508508508505486		0.159358343985914641		0.072332446864480399		0.288955620384755085
32.606606606606604259		0.160344429635038893		0.072648397247608326		0.291665275777094724
32.704704704704703033		0.161281958571652201		0.072747246533630197		0.293452051134063641
32.802802802802801807		0.162166848141456932		0.073134126638711189		0.295956684400870307
32.900900900900900581		0.162994914811672664		0.073166716866006593		0.298655133317485111
32.998998998998999355		0.163761846659072036		0.073147765336574688		0.302120089831126759
33.097097097097091023		0.164463326801351395		0.073080803584788814		0.304264129847004461
33.195195195195196902		0.165095436690899405		0.072925722239976537		0.306142498913283267
33.293293293293288571		0.165654176600694980		0.072669867652621081		0.308508813119747982
33.391391391391394450		0.166135477780729679		0.072591786614753628		0.310737747954958121
33.489489489489486118		0.166535657894366668		0.072428323054139196		0.313320754028614423
33.587587587587584892		0.166851406793695561		0.072235952957065822		0.314223842235335837
33.685685685685683666		0.167079609926539335		0.072064388259359485		0.314825140009453663
33.783783783783782440		0.167216867415122816		0.071966766397050366		0.315583680510205855
33.881881881881881213		0.167260923269888728		0.071627775673011498		0.317734527031061087
33.979979979979979987		0.167209669637004649		0.071271287462060268		0.318446321558520484
34.078078078078078761		0.167061326001686133		0.070922179631225213		0.318724215659682231
34.176176176176177535		0.166814013301721020		0.070498433738605704		0.320737618873856489
34.274274274274276308		0.166467226248192879		0.070263885475059504		0.320811478646151949
34.372372372372367977		0.166020611328155793		0.069679961328058954		0.321316431202310071
34.470470470470466751		0.165473919884525422		0.069176824031973311		0.320644817379891200
34.568568568568565524		0.164827409442890538		0.068711260985543351		0.320365859767721695
34.666666666666664298		0.164082434454358050		0.068152969756811371		0.320059562893218630
34.764764764764763072		0.163240481316883235		0.067738480459133568		0.318453270395662735
34.862862862862861846		0.162303139255190632		0.067076927174470682		0.317157357811120699
34.960960960960960620		0.161272565150883340		0.066635171899701723		0.315656944770899117
35.059059059059059393		0.160151805269911407		0.065835426088048918		0.312867390458524741
35.157157157157158167		0.158943976963165451		0.065043035504189509		0.310282719872869484
35.255255255255256941		0.157652133201217487		0.064450266844392146		0.307136941137348629
35.353353353353348609		0.156279895047115897		0.063731770063667217		0.304879801305975806
35.451451451451447383		0.154831534236305218		0.062858830282187597		0.302246541470033325
35.549549549549546157		0.153311047452951488		0.062080625828501691		0.299739307703128177
35.647647647647644931		0.151722520651699916		0.061375489151006567		0.297214933965235129
35.745745745745743704		0.150070264051606422		0.060473939047237767		0.295001949125169083
35.843843843843842478		0.148359084815972320		0.059656197470622285		0.292190963426252004
35.941941941941941252		0.146593199238811728		0.058455170364606651		0.287823300280383776
36.040040040040040026		0.144777052568359682		0.057437508706952196		0.284421022315809124
36.138138138138138800		0.142915060753475709		0.056437355566510389		0.281507132305645946
36.236236236236237573		0.141011673043416552		0.055290756943924782		0.277459076359607981
36.334334334334336347		0.139071186875686814		0.054249980968926602		0.273920940205226393
36.432432432432428016		0.137097682373803043		0.053028450455708413		0.270283811069849333
36.530530530530526789		0.135095180051815922		0.051832968962427263		0.266441490253243873
36.628628628628625563		0.133067660357829992		0.050794276331914891		0.263167555655403840
36.726726726726724337		0.131019029536406012		0.049612599323004582		0.258932748766966647
36.824824824824823111		0.128952734585183915		0.048398560805611029		0.256278054364308505
36.922922922922921884		0.126872277974984349		0.047341308333043515		0.252427716226200693
37.021021021021020658		0.124781019370735199		0.045904839844742348		0.249129795823435807
37.119119119119119432		0.122682228428863033		0.044682908737394458		0.245121505107667448
37.217217217217218206		0.120578841258843814		0.043363229402933218		0.241797759735233236
37.315315315315316980		0.118473738630144945		0.042112274286776143		0.238734182434932996
37.413413413413408648		0.116369628353919702		0.040669924253465557		0.234605658907260373
37.511511511511507422		0.114269268200306112		0.039570768335670123		0.231000376071972408
37.609609609609606196		0.112174803662581535		0.038411475413838790		0.227564094971570763
37.707707707707704969		0.110088717393623386		0.037220208403302590		0.224720823060661296
37.805805805805803743		0.108013093745324876		0.035886712673885789		0.220930189287030870
37.903903903903902517		0.105950016364533217		0.034515473967054518		0.216716315649389313
38.002002002002001291		0.103901245371383663		0.033344605213266570		0.213445379330386487
38.100100100100100065		0.101868455940059111		0.032275527140295440		0.209982122161058327
38.198198198198198838		0.099853354973748143		0.031110181142417606		0.206564377665466065
38.296296296296297612		0.097857377707512599		0.029961013895807347		0.202853008216506508
38.394394394394389280		0.095881901800961247		0.029083649097940714		0.200150805981410607
38.492492492492488054		0.093928051486406747		0.027893086401473109		0.196516940802558299
38.590590590590586828		0.091996878800606335		0.026858992700953467		0.193106968272386992
38.688688688688685602		0.090089463671110967		0.025927670160077507		0.189846084878488613
38.786786786786784376		0.088206722066732149		0.025037875570711202		0.186114888108952575
38.884884884884883149		0.086349323561919905		0.024162178083134877		0.182659749732373505
38.982982982982981923		0.084518003216188242		0.023343449337800391		0.179867862039352816
39.081081081081080697		0.082713279315044699		0.022534951399047130		0.177372105231178995
39.179179179179179471		0.080935741290350638		0.021800918278882784		0.174934610825670744
39.277277277277278245		0.079185837545379820		0.021076850677322307		0.171252627551232134
39.375375375375377018		0.077463863273680281		0.020278590360607335		0.167740175804727859
39.473473473473468687		0.075770152716951547		0.019721948738957169		0.164701592811437952
39.571571571571567461		0.074104876768298578		0.019072222906598709		0.161629710902754187
39.669669669669666234		0.072468274120807516		0.018448382821112098		0.158835329108353768
39.767767767767765008		0.070860471568398309		0.017795766478531892		0.155973128214047324
39.865865865865863782		0.069281507741154005		0.017297224081553507		0.152682923902819317
39.963963963963962556		0.067731449233256913		0.016789194251553403		0.149290706663934014
40.062062062062061329		0.066210250218888822		0.016342132662107087		0.146427635488123403
40.160160160160160103		0.064717890004484371		0.015856416425109172		0.143622436748613219
40.258258258258258877		0.063254295431353302		0.015396836627673743		0.141324646644002822
40.356356356356357651		0.061819334850598429		0.015024647463434808		0.138312618318814418
40.454454454454449319		0.060412896619205340		0.014617902527079125		0.135514928390873812
40.552552552552548093		0.059034812061878300		0.014244497942024672		0.132789783350567514
40.650650650650646867		0.057684865307909249		0.013869229691076273		0.130071221004004478
40.748748748748745641		0.056362880260466215		0.013559814702533351		0.127560926861361140
40.846846846846844414		0.055068589256020442		0.013239898371036405		0.124965554084744357
40.944944944944943188		0.053801762433211428		0.012960318273560912		0.122113060968645021
41.043043043043041962		0.052562147227609310		0.012658942325748572		0.119511984736460783
41.141141141141140736		0.051349454803511829		0.012309673860404671		0.117582854313649871
41.239239239239239510		0.050163366877255949		0.012071824850859052		0.115285852284973220
41.337337337337338283		0.049003575848314808		0.011801099838398801		0.112898414583108356
41.435435435435437057		0.047869750079480480		0.011529610624416334		0.110592837310973816
41.533533533533528725		0.046761584716734514		0.011295009821151236		0.108597526353870488
41.631631631631627499		0.045678730747810495		0.011023075013711100		0.106275530173108868
41.729729729729726273		0.044620835114746293		0.010809038921224050		0.104259734030075615
41.827827827827825047		0.043587503919000695		0.010580698040104829		0.102602922831932675
41.925925925925923821		0.042578384805306138		0.010412040805480617		0.100376737566192364
42.024024024024022594		0.041593090907828340		0.010226287543190368		0.098140222115337586
42.122122122122121368		0.040631271001296064		0.010025872365389463		0.095980467668856859
42.220220220220220142		0.039692522766661062		0.009853643118367126		0.094002790824784979
42.318318318318318916		0.038776469956341826		0.009710216455459691		0.092109495616494799
42.416416416416417690		0.037882685905313497		0.009512236515258513		0.089752445875650080
42.514514514514509358		0.037010784246961873		0.009303291571249202		0.087722026385281676
42.612612612612608132		0.036160362406545014		0.009122648219585718		0.085975632906993268
42.710710710710706906		0.035331030550001953		0.008988615505992996		0.084212319010578851
42.808808808808805679		0.034522396947350584		0.008821901546767614		0.082567571839174819
42.906906906906904453		0.033734047951033588		0.008679047795635228		0.080928872271168781
43.005005005005003227		0.032965572965539806		0.008525343575820802		0.079399448586361332
43.103103103103102001		0.032216574817170017		0.008354389961311810		0.077849732913299940
43.201201201201200774		0.031486644888361719		0.008218925782559536		0.076251435047571550
43.299299299299299548		0.030775393018747543		0.008096099662503730		0.074529538960843647
43.397397397397398322		0.030082434556693568		0.007961973539773737		0.072938316643888806
43.495495495495497096		0.029407366641958532		0.007856973421237194		0.071529905630295335
43.593593593593588764		0.028749790201827195		0.007742690966106939		0.069989885067836127
43.691691691691687538		0.028109328238250759		0.007627076104993852		0.068621667029748562
43.789789789789786312		0.027485572985859116		0.007524853929288059		0.067358165525646357
43.887887887887885086		0.026878156489734142		0.007391611767897205		0.065834772118675944
43.985985985985983859		0.026286711333396145		0.007253924602183994		0.064498976385599469
44.084084084084082633		0.025710858862441077		0.007127444688715963		0.063112139048161695
44.182182182182181407		0.025150231796413253		0.007006143566066118		0.061747758382179448
44.280280280280280181		0.024604460324679583		0.006882325808137635		0.060338393823213168
44.378378378378378954		0.024073188867073731		0.006768774135340782		0.059279304412491206
44.476476476476477728		0.023556053166584493		0.006664836952831668		0.058151249636681300
44.574574574574569397		0.023052721115714582		0.006541840388480501		0.056942682482272855
44.672672672672668170		0.022562842655926400		0.006443807131244535		0.055633220498825374
44.770770770770766944		0.022086085390136189		0.006339883043827921		0.054442727977045351
44.868868868868865718		0.021622117570355474		0.006255497367569714		0.053230433030929350
44.966966966966964492		0.021170602135182126		0.006160615353470966		0.052140050917135847
45.065065065065063266		0.020731225948823529		0.006067413216376120		0.051187411327728971
45.163163163163162039		0.020303678039764940		0.005975009700497949		0.050020886047586817
45.261261261261260813		0.019887640670492229		0.005885200492337641		0.049027470078745132
45.359359359359359587		0.019482819782297496		0.005793782586293614		0.047970075045575981
45.457457457457458361		0.019088918121204449		0.005710430848331931		0.047095319373480854
45.555555555555557135		0.018705644473907341		0.005636721451698634		0.046063857881276003
45.653653653653648803		0.018332707271232568		0.005558581455229810		0.045093910441923374
45.751751751751747577		0.017969840348613288		0.005483294212370391		0.044313410176559140
45.849849849849846350		0.017616760016741749		0.005403972910701305		0.043489876007155676
45.947947947947945124		0.017273202658762268		0.005309199582067148		0.042607593075578182
46.046046046046043898		0.016938910214880420		0.005240023763722968		0.041621354044894428
46.144144144144142672		0.016613623420007478		0.005155464135045057		0.040807536120818444
46.242242242242241446		0.016297098474222709		0.005080445779753143		0.040019292871177448
46.340340340340340219		0.015989084985296061		0.005000850211930911		0.039241269923627045
46.438438438438438993		0.015689357615831533		0.004930901911797371		0.038551781419549812
46.536536536536537767		0.015397673966916060		0.004855679012269693		0.037754042200371027
46.634634634634629435		0.015113810173076565		0.004788191245537256		0.036841941911085904
46.732732732732728209		0.014837543642159945		0.004719234535009146		0.036081146151732538
46.830830830830826983		0.014568658864444093		0.004658976871179043		0.035437159490222879
46.928928928928925757		0.014306948602636099		0.004607337318541976		0.034724606040771919
47.027027027027024531		0.014052206882746641		0.004549444631566916		0.034077152497308624
47.125125125125123304		0.013804238965738505		0.004493564064912471		0.033323334238390449
47.223223223223222078		0.013562847416957752		0.004430139936101684		0.032600832405137795
47.321321321321320852		0.013327843588064794		0.004365605263382060		0.031991277836018878
47.419419419419419626		0.013099038273384827		0.004303961008782960		0.031306630657827551
47.517517517517518399		0.012876253822013963		0.004251693291478086		0.030675177296298862
47.615615615615610068		0.012659316792777691		0.004182246277715796		0.030016066768246807
47.713713713713708842		0.012448062243156043		0.004131035831554088		0.029478219158128420
47.811811811811807615		0.012242314811256408		0.004078674736462493		0.028947621512326396
47.909909909909906389		0.012041925408493678		0.004026844037387366		0.028310059410532901
48.008008008008005163		0.011846735390740468		0.003978472156527142		0.027750306544627762
48.106106106106103937		0.011656587224577210		0.003917898534947544		0.027231577364032974
48.204204204204202711		0.011471334039753691		0.003879587743604401		0.026713890085212300
48.302302302302301484		0.011290831884911716		0.003822106021996005		0.026242589009105127
48.400400400400400258		0.011114943790952668		0.003777580694960004		0.025855528583306264
48.498498498498499032		0.010943534348760811		0.003734063518964290		0.025342622851046881
48.596596596596597806		0.010776467467562903		0.003680787535417724		0.024764613618028231
48.694694694694689474		0.010613627886959154		0.003621685994463281		0.024282624678804248
48.792792792792788248		0.010454881760030350		0.003575629520690766		0.023826220363715896
48.890890890890887022		0.010300108297709337		0.003523638108123671		0.023411300359807308
48.988988988988985795		0.010149190625231175		0.003490150843315955		0.023011303358193912
49.087087087087084569		0.010002014153837301		0.003441586030305618		0.022619691731199435
49.185185185185183343		0.009858473064768529		0.003396496519184984		0.022230160169162110
49.283283283283282117		0.009718454928455789		0.003360372741970489		0.021837436870716258
49.381381381381380891		0.009581858256829529		0.003318951691488698		0.021407890049043844
49.479479479479479664		0.009448590172201666		0.003284992921647586		0.021058663203196642
49.577577577577578438		0.009318545756703094		0.003248508682659387		0.020728873370735229
49.675675675675670107		0.009191629287796156		0.003211539172951807		0.020417529793687661
49.773773773773768880		0.009067748967480763		0.003168533603118332		0.020065647872199034
49.871871871871867654		0.008946818824038518		0.003127734753356850		0.019731880890956070
49.969969969969966428		0.008828745485323771		0.003082332744842659		0.019422758814644447
50.068068068068065202		0.008713451086689082		0.003051163463326707		0.019040812025577586
50.166166166166163976		0.008600850922328662		0.003013691728561579		0.018779537909320330
50.264264264264262749		0.008490873866143646		0.002982513042910237		0.018593078898384584
50.362362362362361523		0.008383439753255230		0.002953653790986810		0.018389605160827951
50.460460460460460297		0.008278472437749037		0.002911919900866351		0.018108959502670545
50.558558558558559071		0.008175899107296485		0.002875583979814272		0.017863945589832744
50.656656656656657844		0.008075654247217809		0.002838801787037630		0.017577627286326881
50.754754754754749513		0.007977664106590933		0.002805366739408272		0.017364053127524537
50.852852852852848287		0.007881867723003467		0.002776943013472160		0.017143896216921171
50.950950950950947060		0.007788201535198803		0.002747885642040482		0.016947687768169906
51.049049049049045834		0.007696600796605228		0.002721439583279984		0.016698071176132246
51.147147147147144608		0.007607014560154288		0.002687562360422421		0.016449335037826324
51.245245245245243382		0.007519380296955343		0.002662757437836795		0.016190060176979226
51.343343343343342156		0.007433640532911842		0.002632117794898458		0.015956702439512985
51.441441441441440929		0.007349743815342482		0.002602250479648035		0.015722160741728195
51.539539539539539703		0.007267633099056424		0.002574648236412841		0.015554525066650825
51.637637637637638477		0.007187261204401220		0.002549440509991969		0.015363203346029202
51.735735735735730145		0.007108577804065731		0.002519280940352585		0.015184913381416927
51.833833833833828919		0.007031535854945305		0.002492870994278700		0.014991544440344617
51.931931931931927693		0.006956084891105817		0.002464563494633023		0.014761169738025685
52.030030030030026467		0.006882189059159867		0.002439270760908525		0.014595692189500719
52.128128128128125240		0.006809800189837155		0.002419104322884632		0.014409981422177464
52.226226226226224014		0.006738878216993778		0.002397030061174904		0.014230505442645553
52.324324324324322788		0.006669375974279939		0.002370817558184189		0.014061642306725334
52.422422422422421562		0.006601259070761285		0.002349016560484977		0.013924010278796386
52.520520520520520336		0.006534488536473523		0.002328229858915833		0.013777847857303285
52.618618618618619109		0.006469026655391829		0.002303814204584838		0.013603949907644092
52.716716716716717883		0.006404837556501888		0.002278441648342554		0.013474131405632831
52.814814814814809552		0.006341885688080437		0.002255426506327109		0.013342496561525231
52.912912912912908325		0.006280135968489481		0.002230892657833506		0.013189711913566299
53.011011011011007099		0.006219561468649401		0.002207606041708457		0.013051591684839135
53.109109109109105873		0.006160129292517230		0.002186341657422695		0.012953189472680109
53.207207207207204647		0.006101803644689157		0.002165592919807283		0.012839060760911344
53.305305305305303420		0.006044556822837268		0.002142401733243760		0.012716311947698447
53.403403403403402194		0.005988361508062263		0.002120550114578808		0.012574903981331622
53.501501501501500968		0.005933188551349751		0.002101418825438021		0.012478282163952857
53.599599599599599742		0.005879010393608748		0.002077753571102674		0.012372585926320918
53.697697697697698516		0.005825800505075099		0.002052495054485350		0.012274694215410454
53.795795795795790184		0.005773531274172521		0.002034038309698926		0.012115813234131783
53.893893893893888958		0.005722183931849812		0.002010712986469108		0.012021622791325608
53.991991991991987732		0.005671734374343745		0.001990424382041475		0.011922531818779954
54.090090090090086505		0.005622153263036447		0.001972877803529733		0.011779475866052514
54.188188188188185279		0.005573421121404964		0.001953161622832666		0.011692031597750212
54.286286286286284053		0.005525516250988810		0.001936658003595385		0.011590126443729963
54.384384384384382827		0.005478417596255711		0.001920373767460196		0.011505605751597979
54.482482482482481601		0.005432104052142951		0.001905065278522403		0.011416150747094784
54.580580580580580374		0.005386555485403599		0.001886124489422540		0.011325646046897345
54.678678678678679148		0.005341752129835437		0.001872313089669168		0.011253265934500207
54.776776776776777922		0.005297673202117935		0.001855494923270646		0.011148353142834928
54.874874874874869590		0.005254308699915645		0.001835749326694870		0.011053619966844709
54.972972972972968364		0.005211632544452643		0.001819859521656048		0.010933790484817038
55.071071071071067138		0.005169630710212862		0.001802870768898438		0.010846640074135046
55.169169169169165912		0.005128286764920840		0.001786142135085455		0.010763472516326787
55.267267267267264685		0.005087583885659963		0.001769910981048347		0.010660576375537363
55.365365365365363459		0.005047506686852387		0.001755419836367326		0.010565825128164964
55.463463463463462233		0.005008040626519754		0.001738915050857682		0.010495571551276745
55.561561561561561007		0.004969169889310804		0.001722881174417794		0.010416168859840555
55.659659659659659781		0.004930879661617808		0.001710637111996986		0.010341163286142024
55.757757757757758554		0.004893159889803324		0.001693018888058939		0.010266102736266417
55.855855855855850223		0.004855987895957540		0.001677643768946424		0.010187444480466370
55.953953953953948997		0.004819359351449363		0.001661964235781377		0.010111801734479151
56.052052052052047770		0.004783259344322468		0.001649964582574991		0.010032441407714813
56.150150150150146544		0.004747675393578316		0.001634371574667068		0.009960069004350322
56.248248248248245318		0.004712594823449405		0.001620363389333227		0.009903043459347775
56.346346346346344092		0.004678006265934084		0.001605086907074475		0.009820911560605695
56.444444444444442865		0.004643899148273909		0.001592238213741434		0.009763544159091645
56.542542542542541639		0.004610262134312016		0.001578249703934727		0.009707375278474593
56.640640640640640413		0.004577083215438853		0.001561477771215373		0.009649898843682930
56.738738738738739187		0.004544355509090335		0.001544066045762725		0.009594611393279875
56.836836836836837961		0.004512063231826140		0.001529497152807058		0.009539071541669445
56.934934934934929629		0.004480197110099395		0.001514765931033406		0.009475860668652037
57.033033033033028403		0.004448753016662457		0.001501325045036381		0.009424065293499118
57.131131131131127177		0.004417719456262656		0.001485490371873282		0.009374432072179575
57.229229229229225950		0.004387086794295616		0.001472981611431873		0.009320481246080366
57.327327327327324724		0.004356846137936054		0.001462182842031068		0.009270676103521584
57.425425425425423498		0.004326989511345895		0.001447372043009659		0.009223087978240861
57.523523523523522272		0.004297508894844567		0.001434574092130639		0.009172862497906553
57.621621621621621046		0.004268396424555210		0.001419741434370082		0.009124397902963041
57.719719719719719819		0.004239644587499172		0.001408142055675611		0.009076469528401417
57.817817817817818593		0.004211242098542011		0.001398049177587338		0.009017352428668014
57.915915915915910261		0.004183184027773608		0.001385091275110156		0.008969673544036723
58.014014014014009035		0.004155461156973843		0.001374714410446378		0.008918336556574992
58.112112112112107809		0.004128071710221529		0.001363649090724924		0.008864261586367741
58.210210210210206583		0.004101006234884001		0.001351304590527245		0.008816071258907243
58.308308308308305357		0.004074257610303291		0.001340674139557501		0.008769897901258632
58.406406406406404130		0.004047819639115077		0.001328021962045396		0.008722078178733867
58.504504504504502904		0.004021685867829860		0.001316548547627837		0.008673855202076605
58.602602602602601678		0.003995850798072194		0.001306703316376167		0.008627520838595347
58.700700700700700452		0.003970310722294908		0.001296583584503340		0.008579182518624719
58.798798798798799226		0.003945054621550752		0.001286709000740825		0.008533390504183433
58.896896896896890894		0.003920079292482924		0.001274096922209439		0.008489561164557236
58.994994994994989668		0.003895379119883994		0.001263644478419142		0.008442709417745813
59.093093093093088441		0.003870948932875025		0.001252661106779965		0.008397421464686260
59.191191191191187215		0.003846782155126537		0.001243029211811886		0.008345026726692089
59.289289289289285989		0.003822877595679028		0.001233504624744877		0.008298485050610503
59.387387387387384763		0.003799228230662407		0.001223357382356807		0.008249076614724991
59.485485485485483537		0.003775829112401309		0.001213788229596946		0.008205357525688881
59.583583583583582310		0.003752675522767234		0.001204078905450528		0.008163597432508060
59.681681681681681084		0.003729762988115061		0.001193927208364661		0.008119836022339335
59.779779779779779858		0.003707087823872566		0.001184906498658333		0.008077336112654083
59.877877877877878632		0.003684644542011656		0.001175804043384934		0.008037353709420830
59.975975975975970300		0.003662429345866338		0.001167276885367949		0.007990757180959918
60.074074074074069074		0.003640438309798302		0.001158612411720332		0.007948606132199817
60.172172172172167848		0.003618666943114102		0.001150095322006707		0.007906260346732641
60.270270270270266622		0.003597111608685825		0.001139479184277851		0.007861167165031305
60.368368368368365395		0.003575766552484900		0.001128476844830878		0.007821976762745509
60.466466466466464169		0.003554632458960690		0.001119133459922391		0.007782522740911601
60.564564564564562943		0.003533703841397027		0.001109283164436534		0.007741620745075536
60.662662662662661717		0.003512976970758769		0.001099656020193831		0.007701843956008240
60.760760760760760490		0.003492448386186864		0.001092579653103982		0.007662947200322638
60.858858858858859264		0.003472114059614180		0.001083864903675458		0.007625448232901950
60.956956956956950933		0.003451970988491011		0.001072761792631253		0.007589391315116486
61.055055055055049706		0.003432016475776886		0.001063908427366667		0.007551996276940086
61.153153153153148480		0.003412247534351044		0.001052588264124051		0.007511527272892101
61.251251251251247254		0.003392661305699401		0.001045108636330712		0.007467388870173093
61.349349349349346028		0.003373254101616280		0.001038426308648529		0.007429267881280863
61.447447447447444802		0.003354022989911528		0.001029729295032306		0.007391431998924987
61.545545545545543575		0.003334963439380892		0.001022973313294582		0.007345666857973711
61.643643643643642349		0.003316076670485978		0.001015952417254692		0.007310255214886974
61.741741741741741123		0.003297358207985519		0.001007373839810385		0.007269314476392902
61.839839839839839897		0.003278805735603613		0.000999990517517412		0.007224912097602862
61.937937937937938671		0.003260416309617550		0.000992476872426740		0.007191578387868765
62.036036036036030339		0.003242187195284713		0.000982809516013530		0.007158450541771185
62.134134134134129113		0.003224115912784009		0.000976396487491816		0.007125526964738927
62.232232232232227886		0.003206200090710010		0.000969994008004159		0.007090521322851644
62.330330330330326660		0.003188437718151904		0.000963681374730301		0.007057716638087129
62.428428428428425434		0.003170826746101680		0.000954786134084866		0.007025588950759841
62.526526526526524208		0.003153365145943763		0.000948637872736418		0.006990815870155843
62.624624624624622982		0.003136050189306229		0.000941199428829514		0.006955380686273598
62.722722722722721755		0.003118879496198081		0.000934833506264046		0.006920173357126817
62.820820820820820529		0.003101851095861552		0.000927367722886358		0.006885199290399005
62.918918918918919303		0.003084961281416760		0.000920440326037404		0.006851589290451251
63.017017017017010971		0.003068211742406930		0.000914251164059044		0.006821014044861629
63.115115115115109745		0.003051598921866538		0.000907435874685312		0.006790843797598373
63.213213213213208519		0.003035121098207622		0.000901315830040472		0.006760948234257539
63.311311311311307293		0.003018776238710742		0.000894799803461627		0.006731229789461591
63.409409409409406067		0.003002562306614100		0.000888110610908599		0.006701687137099717
63.507507507507504840		0.002986477350305302		0.000882199961961783		0.006672318963143966
63.605605605605603614		0.002970519826896439		0.000874731995179560		0.006643123965521055
63.703703703703702388		0.002954688051728359		0.000864902687288318		0.006614081372926853
63.801801801801801162		0.002938981061276766		0.000858529142516733		0.006583172277133812
63.899899899899899935		0.002923396785054913		0.000852963758873231		0.006550780525308371
63.997997997997998709		0.002907933396244697		0.000847134407248232		0.006518543414258630
64.096096096096090378		0.002892589067112820		0.000841563163296720		0.006486513684596786
64.194194194194182046		0.002877360690542727		0.000836269292580423		0.006455728901630602
64.292292292292287925		0.002862250299181865		0.000829969607379282		0.006426555926994158
64.390390390390393804		0.002847254842680604		0.000824156932686944		0.006395706899586577
64.488488488488485473		0.002832373056032309		0.000818311387266939		0.006365872563300914
64.586586586586577141		0.002817603743216903		0.000812957532123541		0.006337223039585191
64.684684684684683020		0.002802945387454608		0.000807586821685389		0.006308707274172026
64.782782782782788900		0.002788396459083628		0.000800193597678256		0.006279013379739341
64.880880880880880568		0.002773955370573284		0.000795104747004330		0.006249217146272968
64.978978978978972236		0.002759620609292616		0.000789437742716845		0.006219605990570289
65.077077077077063905		0.002745391662363441		0.000783108995924513		0.006190035612659189
65.175175175175169784		0.002731267268988876		0.000777966132047376		0.006160563587577716
65.273273273273275663		0.002717246074909164		0.000772576281838057		0.006129881094465901
65.371371371371367331		0.002703326871542338		0.000767413298709885		0.006098329015840231
65.469469469469459000		0.002689508218824490		0.000762622979982060		0.006068151666448868
65.567567567567564879		0.002675788843068759		0.000757811350536905		0.006038405427853928
65.665665665665670758		0.002662166198306382		0.000752924447376163		0.006011262144245256
65.763763763763762427		0.002648642445009147		0.000747918378457584		0.005984227645682943
65.861861861861854095		0.002635215015510028		0.000743027925038995		0.005957354630231144
65.959959959959959974		0.002621882990355083		0.000738542474395812		0.005930641894922313
66.058058058058051643		0.002608645468399059		0.000733185873490527		0.005904088247544343
66.156156156156157522		0.002595501239222458		0.000728248826705075		0.005877747201927350
66.254254254254249190		0.002582449168881391		0.000723196967898898		0.005851612333334842
66.352352352352355069		0.002569487928458449		0.000718744988187117		0.005825632025533099
66.450450450450446738		0.002556616502051621		0.000714291426289028		0.005799743657116076
66.548548548548552617		0.002543834486500057		0.000709706211407954		0.005773970511261562
66.646646646646644285		0.002531140972433845		0.000704813679712106		0.005747744977397575
66.744744744744735954		0.002518534886290532		0.000700316898971031		0.005721267924367002
66.842842842842841833		0.002506015344663729		0.000695860943576200		0.005694951994227921
66.940940940940933501		0.002493581350675410		0.000691496043040321		0.005668795923810263
67.039039039039039380		0.002481231783616406		0.000687408232045581		0.005643165859010197
67.137137137137131049		0.002468964432352365		0.000682757707740547		0.005618365321016247
67.235235235235236928		0.002456781504118670		0.000678459492431205		0.005594711862505394
67.333333333333328596		0.002444680777542210		0.000673982361986672		0.005569312716833918
67.431431431431434476		0.002432661527651902		0.000669582899321561		0.005544136891748504
67.529529529529526144		0.002420723103643194		0.000664892523446842		0.005516794833820953
67.627627627627617812		0.002408864675623683		0.000660874513199446		0.005490831036284840
67.725725725725723692		0.002397085259428854		0.000657041776234793		0.005465221697670131
67.823823823823815360		0.002385383830414295		0.000653267362398792		0.005440186709918892
67.921921921921921239		0.002373759741325801		0.000649519988867127		0.005415567405388997
68.020020020020012907		0.002362212262434524		0.000645541178239592		0.005392383825364913
68.118118118118118787		0.002350740851751966		0.000641667839224995		0.005369750053375567
68.216216216216210455		0.002339344844047656		0.000637587106253800		0.005347245580160079
68.314314314314316334		0.002328023427234221		0.000633688781861146		0.005324870055513714
68.412412412412408003		0.002316775938391234		0.000629823671997176		0.005302615912243460
68.510510510510513882		0.002305601635778683		0.000625990162471294		0.005280432690023666
68.608608608608605550		0.002294499028212438		0.000622197706751008		0.005258376401663381
68.706706706706697219		0.002283468036505450		0.000618436173389429		0.005237601920035495
68.804804804804803098		0.002272508944152518		0.000614704641537428		0.005214786778552383
68.902902902902894766		0.002261620438449707		0.000610819737783077		0.005192800526753679
69.001001001001000645		0.002250801958530800		0.000607075090017483		0.005170856090656918
69.099099099099092314		0.002240052975332739		0.000603653258718656		0.005148096857418663
69.197197197197198193		0.002229372880200458		0.000600017662221064		0.005125404977474245
69.295295295295289861		0.002218760875658006		0.000596411153073264		0.005104009660733089
69.393393393393395741		0.002208216119114513		0.000592841019045090		0.005081597984717467
69.491491491491487409		0.002197738222220275		0.000589300982486619		0.005059315311531255
69.589589589589593288		0.002187326489389607		0.000585802821192871		0.005037073092463560
69.687687687687684956		0.002176980426204076		0.000581928674478982		0.005014959929362252
69.785785785785776625		0.002166699605371451		0.000578735872870679		0.004992974892227419
69.883883883883882504		0.002156483364469879		0.000575411057125086		0.004972338753164670
69.981981981981974172		0.002146331150892616		0.000572011970960674		0.004952765797048907
70.080080080080080052		0.002136242456570022		0.000568642279716859		0.004933254094585726
70.178178178178171720		0.002126216693862081		0.000565297896387251		0.004912294553073110
70.276276276276277599		0.002116251962173872		0.000561978545860365		0.004889627329860139
70.374374374374369268		0.002106350283844423		0.000558868996066342		0.004867085166121072
70.472472472472475147		0.002096509974926383		0.000555731249530562		0.004844572643296680
70.570570570570566815		0.002086730574679123		0.000552129412817706		0.004822195206655543
70.668668668668672694		0.002077011622050495		0.000548896676514308		0.004800954613143131
70.766766766766764363		0.002067352696435168		0.000545812833714369		0.004780259274424804
70.864864864864856031		0.002057753298055077		0.000542834116188918		0.004759681588392344
70.962962962962961910		0.002048212631779460		0.000539689199069811		0.004739220724902231
71.061061061061053579		0.002038730491271979		0.000536524557167694		0.004718875860806567
71.159159159159159458		0.002029306110420342		0.000533489073126691		0.004698644996212257
71.257257257257251126		0.002019939100681214		0.000530603588486054		0.004679422683227487
71.355355355355357005		0.002010629079255690		0.000527737924059820		0.004660304479347095
71.453453453453448674		0.002001375650647088		0.000524891900961093		0.004641289681217427
71.551551551551554553		0.001992178271710940		0.000522065343001466		0.004620990279504847
71.649649649649646221		0.001983036510664286		0.000519258076608948		0.004599771547703231
71.747747747747737890		0.001973949955007577		0.000516130515219252		0.004579339237368541
71.845845845845843769		0.001964918189371712		0.000512167263772734		0.004559809523733127
71.943943943943935437		0.001955939551257582		0.000509210092487087		0.004540472352405334
72.042042042042041317		0.001947015901588295		0.000506379478172360		0.004521365525980417
72.140140140140132985		0.001938145702688532		0.000503568350596575		0.004502417289637834
72.238238238238238864		0.001929328582849357		0.000500776549617502		0.004483427923895902
72.336336336336330533		0.001920564155851516		0.000498003916643222		0.004464494387165249
72.434434434434436412		0.001911852068513072		0.000495250294613297		0.004445666262763311
72.532532532532528080		0.001903191981896224		0.000492515527980343		0.004426942822484371
72.630630630630633959		0.001894583288233281		0.000489799462691990		0.004408323344130170
72.728728728728725628		0.001886025790923120		0.000487101946173280		0.004389807111452749
72.826826826826817296		0.001877363712620987		0.000484336674916217		0.004371393414097778
72.924924924924923175		0.001868907674022342		0.000481678569778611		0.004353212885881961
73.023023023023014844		0.001860501463174201		0.000479038530631096		0.004335926459027071
73.121121121121120723		0.001852144792622444		0.000476416411015793		0.004318514391570255
73.219219219219212391		0.001843518204712506		0.000472660280922323		0.004299960688921515
73.317317317317318270		0.001835260924907405		0.000470025594009832		0.004281520676226251
73.415415415415409939		0.001827051995875298		0.000467409301005169		0.004264324273823945
73.513513513513515818		0.001818891092846215		0.000464811236901443		0.004247164014527950
73.611611611611607486		0.001810777883073564		0.000462237679923558		0.004229108484859311
73.709709709709713366		0.001802710917767845		0.000459793085700983		0.004211153173674802
73.807807807807805034		0.001794691932508270		0.000457423342040310		0.004193251805438386
73.905905905905896702		0.001786264413628481		0.000454598050163307		0.004175122939258526
74.004004004004002581		0.001777592032897309		0.000451765267313247		0.004157092577758865
74.102102102102094250		0.001769716595305392		0.000449245926455687		0.004139736290632209
74.200200200200200129		0.001761886784951861		0.000446743953806484		0.004122443964035072
74.298298298298291797		0.001753507395367269		0.000443522297781577		0.004104735030739346
74.396396396396397677		0.001745770141657551		0.000441033551902144		0.004087983301936080
74.494494494494489345		0.001738077637941739		0.000438562070266235		0.004072628163313394
74.592592592592595224		0.001730429370345790		0.000436107708049764		0.004055436149420886
74.690690690690686893		0.001722824967841473		0.000433670321949265		0.004040501969624094
74.788788788788778561		0.001715035164185567		0.000429155899132513		0.004024081395795083
74.886886886886884440		0.001707043959656948		0.000425900546303523		0.004007721182981128
74.984984984984976109		0.001699073972944768		0.000422730967561288		0.003992617908956337
75.083083083083081988		0.001690932412318577		0.000418288991222457		0.003977633604639271
75.181181181181173656		0.001683215500476401		0.000415106412954080		0.003962724664591938
75.279279279279279535		0.001674879600546875		0.000411449908462309		0.003947277620342103
75.377377377377371204		0.001667053192405815		0.000407691026167721		0.003931228363325870
75.475475475475477083		0.001658131207480246		0.000404113364585781		0.003911142108956770
75.573573573573568751		0.001649718526479969		0.000399138292188440		0.003895443717453385
75.671671671671674630		0.001642321216924556		0.000396029676960913		0.003879811766810287
75.769769769769766299		0.001633600406627457		0.000389677318661259		0.003864188479076917
75.867867867867857967		0.001624552098366582		0.000385429984195006		0.003848472008992362
75.965965965965963846		0.001614697321367581		0.000380336473941759		0.003824133028589419
76.064064064064055515		0.001603108142503403		0.000376406275204712		0.003808216994291702
76.162162162162161394		0.001594011395052466		0.000369945136488575		0.003794683920555762
76.260260260260253062		0.001583203947647739		0.000361470259634569		0.003769966491956688
76.358358358358358942		0.001574313201571846		0.000355617780187952		0.003753925499201062
76.456456456456450610		0.001564747192818317		0.000348592985455625		0.003738120751375359
76.554554554554556489		0.001556472031372595		0.000340910081375220		0.003722402856468410
76.652652652652648158		0.001545913416705077		0.000332468858898277		0.003702713572597903
76.750750750750754037		0.001536695334886107		0.000324057228727101		0.003689286624650687
76.848848848848845705		0.001529166447226796		0.000319751006018378		0.003675507797078629
76.946946946946937373		0.001519452593588105		0.000303396191582343		0.003658612575183345
77.045045045045043253		0.001511428520983552		0.000296975996214391		0.003644721015967240
77.143143143143134921		0.001502217583851617		0.000289688944617707		0.003629514729427256
77.241241241241240800		0.001491989076595857		0.000275940682107430		0.003615380249621729
77.339339339339332469		0.001480718341092422		0.000263028530778667		0.003599199018814391
77.437437437437438348		0.001471106247045862		0.000254060096916420		0.003584222908958348
77.535535535535530016		0.001463685657264047		0.000246758108352273		0.003570122699992433
77.633633633633635895		0.001452899826933288		0.000227628643871195		0.003554851616813516
77.731731731731727564		0.001443661486317939		0.000208649250162823		0.003541542546353960
77.829829829829833443		0.001434915718917581		0.000193328607493182		0.003528299964083712
77.927927927927925111		0.001421576383575847		0.000155299448483231		0.003510164798138263
78.026026026026016780		0.001413699321895657		0.000126993062055186		0.003496419903469187
78.124124124124122659		0.001402176007032526		0.000065382926633034		0.003473046811447077
78.222222222222214327		0.001390154568824957		0.000000001037097692		0.003446544223741197
78.320320320320320207		0.001376498639474262		0.000000000003056866		0.003417878026846721
78.418418418418411875		0.001367583068972171		0.000000000000161132		0.003403971631986226
78.516516516516517754		0.001359315859579500		0.000000000000011183		0.003390139085225105
78.614614614614609422		0.001346279304254578		0.000000000000000239		0.003374641428058253
78.712712712712715302		0.001338003623048019		0.000000000000000020		0.003357606475017435
78.810810810810806970		0.001326843609391069		0.000000000000000000		0.003331620278273778
78.908908908908898638		0.001318295023175209		0.000000000000000000		0.003314931300316766
79.007007007007004518		0.001309899843858852		0.000000000000000000		0.003302940431846086
79.105105105105096186		0.001299316138718784		0.000000000000000000		0.003285513295465154
79.203203203203202065		0.001290097520429456		0.000000000000000000		0.003267927022534791
79.301301301301293734		0.001280911223824472		0.000000000000000000		0.003255661017743026
79.399399399399399613		0.001268325527863739		0.000000000000000000		0.003243375640880932
79.497497497497491281		0.001253226130443602		0.000000000000000000		0.003215059815290921
79.595595595595597160		0.001240558511194909		0.000000000000000000		0.003195969504816766
79.693693693693688829		0.001230794752482988		0.000000000000000000		0.003180713371377722
79.791791791791794708		0.001219117845492738		0.000000000000000000		0.003160835799435728
79.889889889889886376		0.001206336651931976		0.000000000000000000		0.003135095042747364
79.987987987987978045		0.001197709245989371		0.000000000000000000		0.003118537897118875
80.086086086086083924		0.001184321042796229		0.000000000000000000		0.003091307514789831
80.184184184184175592		0.001171290579288065		0.000000000000000000		0.003064053490358082
80.282282282282281471		0.001158367033518908		0.000000000000000000		0.003048766868867133
80.380380380380373140		0.001144827976208810		0.000000000000000000		0.003017133691664899
80.478478478478479019		0.001129383232045763		0.000000000000000000		0.002990487863509774
80.576576576576570687		0.001117378544874256		0.000000000000000000		0.002966698641967256
80.674674674674676567		0.001108313518746504		0.000000000000000000		0.002955483181627730
80.772772772772768235		0.001095920234582406		0.000000000000000000		0.002941657947601101
80.870870870870874114		0.001083454803848589		0.000000000000000000		0.002914935331578978
80.968968968968965783		0.001066973709412995		0.000000000000000000		0.002890008576706676
81.067067067067057451		0.001053468813529894		0.000000000000000000		0.002869681880833642
81.165165165165163330		0.001043622023815628		0.000000000000000000		0.002845839069974664
81.263263263263254998		0.001032647054509560		0.000000000000000000		0.002832137240180684
81.361361361361360878		0.001022069060733480		0.000000000000000000		0.002816009949122848
81.459459459459452546		0.001007623087467807		0.000000000000000000		0.002796690741950066
81.557557557557558425		0.000998776492816209		0.000000000000000000		0.002785489297789537
81.655655655655650094		0.000989866343784242		0.000000000000000000		0.002771412945707765
81.753753753753755973		0.000979689341701610		0.000000000000000000		0.002757135742984769
81.851851851851847641		0.000971259072841037		0.000000000000000000		0.002739626152428929
81.949949949949953520		0.000961448774654157		0.000000000000000000		0.002728241400985653
82.048048048048045189		0.000951906447749156		0.000000000000000000		0.002709777423072005
82.146146146146136857		0.000942655626366367		0.000000000000000000		0.002685846473923477
82.244244244244242736		0.000930276767952469		0.000000000000000000		0.002668178679340905
82.342342342342334405		0.000921146114026173		0.000000000000000000		0.002654312361534697
82.440440440440440284		0.000907820710075110		0.000000000000000000		0.002637012622531819
82.538538538538531952		0.000896931075678600		0.000000000000000000		0.002615608381085314
82.636636636636637832		0.000887402493631606		0.000000000000000000		0.002605975120520594
82.734734734734729500		0.000878444454181673		0.000000000000000000		0.002596229369683601
82.832832832832835379		0.000871566056818089		0.000000000000000000		0.002577819644678048
82.930930930930927047		0.000861554270285517		0.000000000000000000		0.002567189561542367
83.029029029029018716		0.000852707894710634		0.000000000000000000		0.002553873016501282
83.127127127127124595		0.000843606023309136		0.000000000000000000		0.002541036971580288
83.225225225225216263		0.000831125020799568		0.000000000000000000		0.002520789398078020
83.323323323323322143		0.000822439372921965		0.000000000000000000		0.002501121468132717
83.421421421421413811		0.000813618986489966		0.000000000000000000		0.002486242469111422
83.519519519519519690		0.000803362148237633		0.000000000000000000		0.002466510399610092
83.617617617617611359		0.000791790805173672		0.000000000000000000		0.002443779251215844
83.715715715715717238		0.000782034170407576		0.000000000000000000		0.002422395665604786
83.813813813813808906		0.000775012612602754		0.000000000000000000		0.002409228831002919
83.911911911911914785		0.000763967928520511		0.000000000000000000		0.002389131047294526
84.010010010010006454		0.000755619917116641		0.000000000000000000		0.002361211474480551
84.108108108108098122		0.000746672989829910		0.000000000000000000		0.002349307076951434
84.206206206206204001		0.000739229857723619		0.000000000000000000		0.002337493625373068
84.304304304304295670		0.000728317005073900		0.000000000000000000		0.002322602642904948
84.402402402402401549		0.000721153144528692		0.000000000000000000		0.002305136279723888
84.500500500500493217		0.000707922875716759		0.000000000000000000		0.002273506749309853
84.598598598598599096		0.000701352270339106		0.000000000000000000		0.002253584491410927
84.696696696696690765		0.000690401974355468		0.000000000000000000		0.002224011013760092
84.794794794794796644		0.000682209510250488		0.000000000000000000		0.002209859555820297
84.892892892892888312		0.000671607129091716		0.000000000000000000		0.002191952352882258
84.990990990990994192		0.000664576813046275		0.000000000000000000		0.002174114417273282
85.089089089089085860		0.000655858869007332		0.000000000000000000		0.002151720433797895
85.187187187187177528		0.000649361051045129		0.000000000000000000		0.002137175594976786
85.285285285285283408		0.000640956765055171		0.000000000000000000		0.002126139244292136
85.383383383383375076		0.000631322033750042		0.000000000000000000		0.002106123984222632
85.481481481481480955		0.000623690761832312		0.000000000000000000		0.002085572480806684
85.579579579579572624		0.000617930375475277		0.000000000000000000		0.002077642235958038
85.677677677677678503		0.000610982884045763		0.000000000000000000		0.002066333975507299
85.775775775775770171		0.000603424583885758		0.000000000000000000		0.002052539682137455
85.873873873873876050		0.000595059544856725		0.000000000000000000		0.002035586279796100
85.971971971971967719		0.000585108362548963		0.000000000000000000		0.002007508404667306
86.070070070070059387		0.000580426220642345		0.000000000000000000		0.001989919223224441
86.168168168168165266		0.000570822010228986		0.000000000000000000		0.001980124322130638
86.266266266266256935		0.000561991463302928		0.000000000000000000		0.001960836188426800
86.364364364364362814		0.000556545597771133		0.000000000000000000		0.001952406246563391
86.462462462462454482		0.000551132463852883		0.000000000000000000		0.001942100939171282
86.560560560560560361		0.000543837474770039		0.000000000000000000		0.001928172512598336
86.658658658658652030		0.000537007958752129		0.000000000000000000		0.001908802190738661
86.756756756756757909		0.000529002215301257		0.000000000000000000		0.001883424850896635
86.854854854854849577		0.000520259935047113		0.000000000000000000		0.001861194086617786
86.952952952952955457		0.000512341927351299		0.000000000000000000		0.001848125189044995
87.051051051051047125		0.000506836317293849		0.000000000000000000		0.001833778773780787
87.149149149149138793		0.000499318549198641		0.000000000000000000		0.001820235652249323
87.247247247247244673		0.000492744565258393		0.000000000000000000		0.001805719841235535
87.345345345345336341		0.000487227154874703		0.000000000000000000		0.001795059900368013
87.443443443443442220		0.000481248413121645		0.000000000000000000		0.001784091123797876
87.541541541541533888		0.000473984140081121		0.000000000000000000		0.001765871061701213
87.639639639639639768		0.000467390309453210		0.000000000000000000		0.001745897726883766
87.737737737737731436		0.000460335362221728		0.000000000000000000		0.001728227052245143
87.835835835835837315		0.000455529379964264		0.000000000000000000		0.001720130052042928
87.933933933933928984		0.000449714173925865		0.000000000000000000		0.001712920653975918
88.032032032032034863		0.000443191241821209		0.000000000000000000		0.001703127243838149
88.130130130130126531		0.000436539862344974		0.000000000000000000		0.001689075710666703
88.228228228228218200		0.000429659792473768		0.000000000000000000		0.001665800423946491
88.326326326326324079		0.000423933255826449		0.000000000000000000		0.001658751837049793
88.424424424424415747		0.000417713741547859		0.000000000000000000		0.001642842139838746
88.522522522522521626		0.000412898848354492		0.000000000000000000		0.001633390216663625
88.620620620620613295		0.000406149161620246		0.000000000000000000		0.001608993107081665
88.718718718718719174		0.000399906052234810		0.000000000000000000		0.001598588126458165
88.816816816816810842		0.000395714138838773		0.000000000000000000		0.001589136909501037
88.914914914914916722		0.000390941694276605		0.000000000000000000		0.001575886280163322
89.013013013013008390		0.000384757823757170		0.000000000000000000		0.001559551055154157
89.111111111111114269		0.000379924011841482		0.000000000000000000		0.001551613413788528
89.209209209209205937		0.000375392939717372		0.000000000000000000		0.001546492318612854
89.307307307307297606		0.000370379776246846		0.000000000000000000		0.001537579790653686
89.405405405405403485		0.000366188957177157		0.000000000000000000		0.001530459137655848
89.503503503503495153		0.000361649298882535		0.000000000000000000		0.001524696968719689
89.601601601601601033		0.000354739523172605		0.000000000000000000		0.001503424625209091
89.699699699699692701		0.000346280296360315		0.000000000000000000		0.001484656759794119
89.797797797797798580		0.000341501841245106		0.000000000000000000		0.001466457060673625
89.895895895895890249		0.000337054540350453		0.000000000000000000		0.001456731305459923
89.993993993993996128		0.000331760658142353		0.000000000000000000		0.001440148554008843
90.092092092092087796		0.000325453481087845		0.000000000000000000		0.001426672846783779
90.190190190190179464		0.000321424583169873		0.000000000000000000		0.001417961924735859
90.288288288288285344		0.000315063159074560		0.000000000000000000		0.001404372596500921
90.386386386386377012		0.000309568839578576		0.000000000000000000		0.001397082398514953
90.484484484484482891		0.000304948609634381		0.000000000000000000		0.001389132625548028
90.582582582582574560		0.000300798271073116		0.000000000000000000		0.001374019696857412
90.680680680680680439		0.000297393803016742		0.000000000000000000		0.001367945478078040
90.778778778778772107		0.000292134442642503		0.000000000000000000		0.001359903144500423
90.876876876876877986		0.000283578393916521		0.000000000000000000		0.001334607636708105
90.974974974974969655		0.000279410207642360		0.000000000000000000		0.001325499971720706
91.073073073073075534		0.000274945106423716		0.000000000000000000		0.001317657258945656
91.171171171171167202		0.000270986258397026		0.000000000000000000		0.001308017096728480
91.269269269269258871		0.000266368465876979		0.000000000000000000		0.001299443045682697
91.367367367367364750		0.000259953727707972		0.000000000000000000		0.001281323547807986
91.465465465465456418		0.000255874840613292		0.000000000000000000		0.001270664425259157
91.563563563563562298		0.000252161676244877		0.000000000000000000		0.001263867296882171
91.661661661661653966		0.000246072018143607		0.000000000000000000		0.001241129876705636
91.759759759759759845		0.000242550076512655		0.000000000000000000		0.001231307536447798
91.857857857857851513		0.000236994249009393		0.000000000000000000		0.001213651862122561
91.955955955955957393		0.000232793824287044		0.000000000000000000		0.001205945606846068
92.054054054054049061		0.000229364676666724		0.000000000000000000		0.001196009969204174
92.152152152152154940		0.000224113329609699		0.000000000000000000		0.001177334538995432
92.250250250250246609		0.000219736865876724		0.000000000000000000		0.001166425226096296
92.348348348348338277		0.000214760332419885		0.000000000000000000		0.001150007289552337
92.446446446446444156		0.000210998501242964		0.000000000000000000		0.001139515433432103
92.544544544544535825		0.000206916063628884		0.000000000000000000		0.001129450096821473
92.642642642642641704		0.000202596345072319		0.000000000000000000		0.001115343871367005
92.740740740740733372		0.000199040809475325		0.000000000000000000		0.001103343422438596
92.838838838838839251		0.000195347640108296		0.000000000000000000		0.001090491453922561
92.936936936936930920		0.000191892903102666		0.000000000000000000		0.001080282227525937
93.035035035035036799		0.000188220709411535		0.000000000000000000		0.001061851409319659
93.133133133133128467		0.000183293531196641		0.000000000000000000		0.001046096899602845
93.231231231231220136		0.000180413629232471		0.000000000000000000		0.001037254838039660
93.329329329329326015		0.000176682078132041		0.000000000000000000		0.001020799413214449
93.427427427427417683		0.000173159288301911		0.000000000000000000		0.001011413878395056
93.525525525525523562		0.000169077685436596		0.000000000000000000		0.000997503652414031
93.623623623623615231		0.000165757900317090		0.000000000000000000		0.000983428420386332
93.721721721721721110		0.000161958007506711		0.000000000000000000		0.000970744857830604
93.819819819819812778		0.000158594554737969		0.000000000000000000		0.000960437111704177
93.917917917917918658		0.000154406251718159		0.000000000000000000		0.000938269475749710
94.016016016016010326		0.000151507847606753		0.000000000000000000		0.000925323918504003
94.114114114114116205		0.000149303317771387		0.000000000000000000		0.000921808188782007
94.212212212212207874		0.000145645130871501		0.000000000000000000		0.000912765031179210
94.310310310310299542		0.000141797162415861		0.000000000000000000		0.000903595380592275
94.408408408408405421		0.000138477868811470		0.000000000000000000		0.000891925764816891
94.506506506506497090		0.000135298589039578		0.000000000000000000		0.000879850403735506
94.604604604604602969		0.000131804836969987		0.000000000000000000		0.000863559543542786
94.702702702702694637		0.000129121839361225		0.000000000000000000		0.000856299435830116
94.800800800800800516		0.000126318113998048		0.000000000000000000		0.000844678561928498
94.898898898898892185		0.000124177285628609		0.000000000000000000		0.000836788165171396
94.996996996996998064		0.000120792226243865		0.000000000000000000		0.000826600476539012
95.095095095095089732		0.000117167821329790		0.000000000000000000		0.000816888586876241
95.193193193193195611		0.000113462388118236		0.000000000000000000		0.000802740950453038
95.291291291291287280		0.000109651245900779		0.000000000000000000		0.000776931943340107
95.389389389389378948		0.000105401478830822		0.000000000000000000		0.000757961034637045
95.487487487487484827		0.000103412429433218		0.000000000000000000		0.000750387580336644
95.585585585585576496		0.000098805573580647		0.000000000000000000		0.000732266644489559
95.683683683683682375		0.000096438343125771		0.000000000000000000		0.000725165185876990
95.781781781781774043		0.000093050572157633		0.000000000000000000		0.000709800251979387
95.879879879879879923		0.000090534597254266		0.000000000000000000		0.000689593264709911
95.977977977977971591		0.000087970037969053		0.000000000000000000		0.000681293661210537
96.076076076076077470		0.000084014836351834		0.000000000000000000		0.000662688417691952
96.174174174174169138		0.000082521397373686		0.000000000000000000		0.000653603449336451
96.272272272272275018		0.000079765100065410		0.000000000000000000		0.000635917755145526
96.370370370370366686		0.000078399354200239		0.000000000000000000		0.000625484592795085
96.468468468468458354		0.000075093728617870		0.000000000000000000		0.000608359298648733
96.566566566566564234		0.000072915449496086		0.000000000000000000		0.000601737278653653
96.664664664664655902		0.000071618189444416		0.000000000000000000		0.000596709312697544
96.762762762762761781		0.000069041055468124		0.000000000000000000		0.000580858570404602
96.860860860860853450		0.000067163403638392		0.000000000000000000		0.000567902090843569
96.958958958958959329		0.000063451668832530		0.000000000000000000		0.000538591111095809
97.057057057057050997		0.000061265389534402		0.000000000000000000		0.000521941554517039
97.155155155155156876		0.000058998245129540		0.000000000000000000		0.000508379188155468
97.253253253253248545		0.000055961870847491		0.000000000000000000		0.000483831776482250
97.351351351351340213		0.000054694608406515		0.000000000000000000		0.000477212710657972
97.449449449449446092		0.000052306225156671		0.000000000000000000		0.000457364272184777
97.547547547547537761		0.000050546005366465		0.000000000000000000		0.000438816553541600
97.645645645645643640		0.000048187752663948		0.000000000000000000		0.000405301657198780
97.743743743743735308		0.000045332936575118		0.000000000000000000		0.000363508268559640
97.841841841841841187		0.000041805603464911		0.000000000000000000		0.000314717823311757
97.939939939939932856		0.000038572924664879		0.000000000000000000		0.000272384678890964
98.038038038038038735		0.000036956883642560		0.000000000000000000		0.000251850733381017
98.136136136136130403		0.000034743474493778		0.000000000000000000		0.000211790028075674
98.234234234234236283		0.000032164969791051		0.000000000000000000		0.000163290043208651
98.332332332332327951		0.000029924030183672		0.000000000000000000		0.000129895318687428
98.430430430430419619		0.000028492895991607		0.000000000000000000		0.000104793046681817
98.528528528528525499		0.000027233913070093		0.000000000000000000		0.000000000014050545
98.626626626626617167		0.000024263014004012		0.000000000000000000		0.000000000001850600
98.724724724724723046		0.000022034032638932		0.000000000000000000		0.000000000000979803
98.822822822822814715		0.000019774261321262		0.000000000000000000		0.000000000000552359
98.920920920920920594		0.000016531959471471		0.000000000000000000		0.000000000000268861
99.019019019019012262		0.000015009193854732		0.000000000000000000		0.000000000000160956
99.117117117117118141		0.000013550087553609		0.000000000000000000		0.000000000000104860
99.215215215215209810		0.000012435573459725		0.000000000000000000		0.000000000000074737
99.313313313313315689		0.000011155177158429		0.000000000000000000		0.000000000000044887
99.411411411411407357		0.000009066811267209		0.000000000000000000		0.000000000000024848
99.509509509509499026		0.000007447341876803		0.000000000000000000		0.000000000000016097
99.607607607607604905		0.000005488130513437		0.000000000000000000		0.000000000000009338
99.705705705705696573		0.000004033126897210		0.000000000000000000		0.000000000000006504
99.803803803803802452		0.000002308746730869		0.000000000000000000		0.000000000000003772
99.901901901901894121		0.000001068946138866		0.000000000000000000		0.000000000000002214
100.000000000000000000		0.000000000000044778		0.000000000000000000		0.000000000000001461
